edge	weight	E1_cov	E1_hits	E10_cov	E10_hits	E100_cov	E100_hits	E1000_cov	E1000_hits
profile_274 (EFL) cdd_261709	0.0071	0.0071	1	0.0071	1	0.0071	1	0.0071	1
profile_269 (EFL) cdd_266551	0.0011	0.00027	1	0.00027	1	0.0011	4	0.008	29
profile_55 (EFL) cdd_267455	0.15	0.15	9	0.15	9	0.15	9	0.15	9
profile_129 (EFL) cdd_260398	0.00013	0.00013	1	0.00013	1	0.00013	1	0.00051	4
profile_176 (EFL) cdd_266551	0.00027	0.00027	1	0.00027	1	0.00027	1	0.00027	1
profile_304 (EFL) cdd_265473	0.023	0.0058	2	0.0088	3	0.023	8	0.053	18
profile_213 (EFL) cdd_263940	0.00052	0.00017	1	0.00017	1	0.00052	3	0.0019	11
profile_64 (EFL) cdd_260137	0.0029	0.0029	1	0.0029	1	0.0029	1	0.0029	1
profile_142 (EFL) cdd_266551	0.00055	0.00027	1	0.00027	1	0.00055	2	0.0036	13
profile_138 (EFL) cdd_265413	0.074	0.048	145	0.051	154	0.074	224	0.12	372
profile_278 (EFL) cdd_266551	0.00027	0.00027	1	0.00027	1	0.00027	1	0.00082	3
profile_33 (EFL) cdd_264346	0.46	0.31	269	0.31	269	0.46	409	0.65	569
profile_274 (EFL) cdd_266552	0.00052	0.00052	1	0.00052	1	0.00052	1	0.001	2
profile_4 (EFL) cdd_260305	0.78	0.64	536	0.7	586	0.78	657	0.82	693
profile_59 (EFL) cdd_261709	0.0071	0.0071	1	0.0071	1	0.0071	1	0.0071	1
profile_35 (EFL) cdd_266569	0.0028	0.0028	1	0.0028	1	0.0028	1	0.0056	2
profile_107 (EFL) cdd_261300	0.0043	0.00096	2	0.00096	2	0.0043	9	0.063	132
profile_107 (EFL) cdd_266645	0.013	0.0019	1	0.0019	1	0.013	7	0.11	60
profile_197 (EFL) cdd_266551	0.00027	0.00027	1	0.00027	1	0.00027	1	0.00055	2
profile_156 (EFL) cdd_266551	0.00027	0.00027	1	0.00027	1	0.00027	1	0.00027	1
profile_86 (EFL) cdd_266526	0.0062	0.00014	1	0.00014	1	0.0062	43	0.13	894
profile_75 (EFL) cdd_266552	0.00052	0.00052	1	0.00052	1	0.00052	1	0.001	2
profile_279 (EFL) cdd_263946	0.0012	0.0012	1	0.0012	1	0.0012	1	0.0047	4
profile_54 (EFL) cdd_241585	0.013	0.0063	1	0.0063	1	0.013	2	0.019	3
profile_71 (EFL) cdd_266552	0.00052	0.00052	1	0.00052	1	0.00052	1	0.00052	1
profile_293 (EFL) cdd_266547	0.68	0.43	121	0.6	168	0.68	191	0.74	209
profile_97 (EFL) cdd_266538	0.02	0.02	66	0.02	66	0.02	67	0.022	72
profile_95 (EFL) cdd_260534	0.1	0.058	40	0.063	43	0.1	69	0.12	85
profile_107 (EFL) cdd_266485	0.0076	0.00025	1	0.00049	2	0.0076	31	0.1	419
profile_170 (EFL) cdd_266551	0.00027	0.00027	1	0.00027	1	0.00027	1	0.00055	2
profile_224 (EFL) cdd_260323	0.005	0.0012	1	0.0025	2	0.005	4	0.0075	6
profile_19 (EFL) cdd_260683	0.82	0.69	46	0.69	46	0.82	55	0.94	63
profile_114 (EFL) cdd_266538	0.06	0.058	193	0.058	193	0.06	200	0.062	207
profile_47 (EFL) cdd_261709	0.0071	0.0071	1	0.0071	1	0.0071	1	0.0071	1
profile_200 (EFL) cdd_265655	0.00057	0.00057	1	0.00057	1	0.00057	1	0.0023	4
profile_196 (EFL) cdd_266552	0.001	0.00052	1	0.00052	1	0.001	2	0.001	2
profile_123 (EFL) cdd_263929	0.36	0.28	299	0.28	305	0.36	385	0.46	493
profile_107 (EFL) cdd_266534	0.0032	0.0011	1	0.0011	1	0.0032	3	0.057	54
profile_38 (EFL) cdd_261741	0.13	0.037	5	0.052	7	0.13	18	0.57	77
profile_164 (EFL) cdd_266552	0.00052	0.00052	1	0.00052	1	0.00052	1	0.0016	3
profile_138 (EFL) cdd_266551	0.00027	0.00027	1	0.00027	1	0.00027	1	0.0011	4
profile_90 (EFL) cdd_266541	0.015	0.00091	1	0.0018	2	0.015	16	0.12	135
profile_75 (EFL) cdd_266526	0.00029	0.00014	1	0.00014	1	0.00029	2	0.0011	8
profile_225 (EFL) cdd_260315	0.64	0.62	65	0.62	65	0.64	67	0.65	68
profile_235 (EFL) cdd_263925	0.082	0.034	101	0.064	192	0.082	244	0.2	593
profile_55 (EFL) cdd_100105	0.035	0.018	1	0.018	1	0.035	2	0.035	2
profile_182 (EFL) cdd_262530	0.03	0.02	4	0.02	4	0.03	6	0.21	41
profile_51 (EFL) cdd_264352	0.0059	0.0012	1	0.0012	1	0.0059	5	0.014	12
profile_304 (EFL) cdd_263942	0.0019	0.00023	1	0.00069	3	0.0019	8	0.0051	22
profile_246 (EFL) cdd_260256	0.26	0.23	33	0.23	33	0.26	37	0.3	43
profile_288 (EFL) cdd_266551	0.00027	0.00027	1	0.00027	1	0.00027	1	0.0036	13
profile_113 (EFL) cdd_263922	0.15	0.11	90	0.12	94	0.15	120	0.18	146
profile_300 (EFL) cdd_264354	0.0024	0.0008	1	0.0016	2	0.0024	3	0.0064	8
profile_66 (EFL) cdd_264509	0.46	0.39	279	0.39	280	0.46	327	0.58	414
profile_150 (EFL) cdd_260310	0.1	0.096	12	0.096	12	0.1	13	0.1	13
profile_202 (EFL) cdd_266552	0.014	0.013	26	0.013	26	0.014	27	0.015	28
profile_133 (EFL) cdd_266580	0.042	0.041	103	0.042	104	0.042	106	0.044	111
profile_49 (EFL) cdd_266540	0.19	0.17	80	0.17	81	0.19	87	0.19	88
profile_218 (EFL) cdd_266695	0.043	0.043	3	0.043	3	0.043	3	0.072	5
profile_128 (EFL) cdd_266551	0.00027	0.00027	1	0.00027	1	0.00027	1	0.0011	4
profile_89 (EFL) cdd_266551	0.00055	0.00027	1	0.00027	1	0.00055	2	0.0019	7
profile_45 (EFL) cdd_263542	0.36	0.22	41	0.22	41	0.36	69	0.45	85
profile_213 (EFL) cdd_238009	0.51	0.46	26	0.47	27	0.51	29	0.6	34
profile_15 (EFL) cdd_266552	0.00052	0.00052	1	0.00052	1	0.00052	1	0.0016	3
profile_0 (EFL) cdd_263577	0.34	0.23	50	0.26	55	0.34	73	0.49	105
profile_106 (EFL) cdd_260262	0.46	0.45	86	0.45	87	0.46	88	0.47	90
profile_299 (EFL) cdd_260189	0.31	0.16	84	0.21	110	0.31	165	0.35	189
profile_265 (EFL) cdd_260317	0.0052	0.0026	1	0.0026	1	0.0052	2	0.023	9
profile_293 (EFL) cdd_266580	0.85	0.52	1309	0.76	1906	0.85	2124	0.9	2248
profile_235 (EFL) cdd_266485	0.12	0.055	224	0.067	272	0.12	474	0.36	1448
profile_57 (EFL) cdd_266551	0.73	0.66	2395	0.68	2473	0.73	2657	0.77	2820
profile_246 (EFL) cdd_261300	0.012	0.0019	4	0.0029	6	0.012	26	0.064	133
profile_45 (EFL) cdd_266551	0.00027	0.00027	1	0.00027	1	0.00027	1	0.00082	3
profile_86 (EFL) cdd_261518	0.02	0.0019	2	0.0019	2	0.02	21	0.24	249
profile_0 (EFL) cdd_265675	0.0004	0.0004	1	0.0004	1	0.0004	1	0.006	15
profile_54 (EFL) cdd_263080	0.013	0.0016	3	0.0016	3	0.013	25	0.065	122
profile_27 (EFL) cdd_265413	0.0023	0.00066	2	0.0017	5	0.0023	7	0.014	43
profile_16 (EFL) cdd_266552	0.001	0.00052	1	0.00052	1	0.001	2	0.001	2
profile_66 (EFL) cdd_264347	0.0014	0.00027	1	0.00027	1	0.0014	5	0.014	51
profile_246 (EFL) cdd_261337	0.063	0.024	14	0.032	19	0.063	37	0.15	89
profile_109 (EFL) cdd_260311	0.044	0.027	43	0.027	43	0.044	69	0.069	108
profile_207 (EFL) cdd_261304	0.9	0.8	24	0.83	25	0.9	27	0.9	27
profile_276 (EFL) cdd_266552	0.00052	0.00052	1	0.00052	1	0.00052	1	0.0016	3
profile_187 (EFL) cdd_266552	0.00052	0.00052	1	0.00052	1	0.00052	1	0.001	2
profile_131 (EFL) cdd_264509	0.49	0.28	199	0.41	295	0.49	350	0.66	472
profile_26 (EFL) cdd_262530	0.32	0.23	46	0.23	46	0.32	63	0.33	66
profile_90 (EFL) cdd_260415	0.069	0.023	2	0.034	3	0.069	6	0.08	7
profile_232 (EFL) cdd_266552	0.00052	0.00052	1	0.00052	1	0.00052	1	0.0062	12
profile_56 (EFL) cdd_260311	0.033	0.027	43	0.027	43	0.033	52	0.036	56
profile_303 (EFL) cdd_263923	0.018	0.0033	3	0.0078	7	0.018	16	0.052	47
profile_140 (EFL) cdd_266551	0.00027	0.00027	1	0.00027	1	0.00027	1	0.003	11
profile_300 (EFL) cdd_260188	0.56	0.56	194	0.56	196	0.56	196	0.57	199
profile_247 (EFL) cdd_266552	0.00052	0.00052	1	0.00052	1	0.00052	1	0.0021	4
profile_192 (EFL) cdd_267298	0.001	0.001	1	0.001	1	0.001	1	0.002	2
profile_0 (EFL) cdd_265432	0.0028	0.0028	1	0.0028	1	0.0028	1	0.0055	2
profile_213 (EFL) cdd_263577	0.23	0.18	39	0.22	46	0.23	49	0.46	97
profile_109 (EFL) cdd_266551	0.00027	0.00027	1	0.00027	1	0.00027	1	0.0014	5
profile_50 (EFL) cdd_264355	0.95	0.91	1019	0.93	1042	0.95	1069	0.97	1087
profile_163 (EFL) cdd_261709	0.0071	0.0071	1	0.0071	1	0.0071	1	0.0071	1
profile_0 (EFL) cdd_238009	0.56	0.51	29	0.51	29	0.56	32	0.61	35
profile_269 (EFL) cdd_260207	0.0037	0.00092	1	0.0018	2	0.0037	4	0.0092	10
profile_99 (EFL) cdd_263922	0.28	0.23	180	0.23	185	0.28	224	0.33	261
profile_24 (EFL) cdd_260280	0.17	0.15	22	0.15	22	0.17	25	0.18	26
profile_136 (EFL) cdd_238078	0.016	0.016	1	0.016	1	0.016	1	0.016	1
profile_6 (EFL) cdd_261709	0.0071	0.0071	1	0.0071	1	0.0071	1	0.0071	1
profile_110 (EFL) cdd_266551	0.00027	0.00027	1	0.00027	1	0.00027	1	0.0014	5
profile_201 (EFL) cdd_263929	0.00093	0.00093	1	0.00093	1	0.00093	1	0.0056	6
profile_117 (EFL) cdd_266552	0.00052	0.00052	1	0.00052	1	0.00052	1	0.0073	14
profile_195 (EFL) cdd_266552	0.00052	0.00052	1	0.00052	1	0.00052	1	0.00052	1
profile_107 (EFL) cdd_264512	0.0078	0.00078	1	0.00078	1	0.0078	10	0.1	130
profile_225 (EFL) cdd_266552	0.0016	0.0016	3	0.0016	3	0.0016	3	0.0016	3
profile_118 (EFL) cdd_266551	0.00055	0.00027	1	0.00027	1	0.00055	2	0.0019	7
profile_129 (EFL) cdd_264492	0.00057	0.00057	1	0.00057	1	0.00057	1	0.0011	2
profile_29 (EFL) cdd_266526	0.00014	0.00014	1	0.00014	1	0.00014	1	0.00086	6
profile_250 (EFL) cdd_266528	0.0098	0.0098	1	0.0098	1	0.0098	1	0.0098	1
profile_269 (EFL) cdd_260367	0.0026	0.0026	1	0.0026	1	0.0026	1	0.018	7
profile_283 (EFL) cdd_263940	0.00086	0.00017	1	0.00017	1	0.00086	5	0.0038	22
profile_29 (EFL) cdd_266552	0.00052	0.00052	1	0.00052	1	0.00052	1	0.001	2
profile_209 (EFL) cdd_266551	0.00027	0.00027	1	0.00027	1	0.00027	1	0.0025	9
profile_218 (EFL) cdd_212557	0.73	0.091	3	0.091	3	0.73	24	0.91	30
profile_232 (EFL) cdd_266538	0.0015	0.0003	1	0.0003	1	0.0015	5	0.0084	28
profile_246 (EFL) cdd_260398	0.0093	0.00051	4	0.0019	15	0.0093	73	0.039	304
profile_233 (EFL) cdd_266539	0.051	0.0069	6	0.01	9	0.051	44	0.099	86
profile_223 (EFL) cdd_266552	0.015	0.014	27	0.014	27	0.015	28	0.016	31
profile_224 (EFL) cdd_187786	0.89	0.56	5	0.56	5	0.89	8	0.89	8
profile_86 (EFL) cdd_266524	0.011	0.00029	2	0.00029	2	0.011	79	0.14	985
profile_35 (EFL) cdd_260433	0.00098	0.00049	1	0.00049	1	0.00098	2	0.0044	9
profile_249 (EFL) cdd_266552	0.00052	0.00052	1	0.00052	1	0.00052	1	0.00052	1
profile_202 (EFL) cdd_100105	0.035	0.018	1	0.018	1	0.035	2	0.035	2
profile_26 (EFL) cdd_266564	0.022	0.011	2	0.011	2	0.022	4	0.034	6
profile_60 (EFL) cdd_265413	0.00066	0.00033	1	0.00033	1	0.00066	2	0.0046	14
profile_59 (EFL) cdd_266551	0.00027	0.00027	1	0.00027	1	0.00027	1	0.0033	12
profile_33 (EFL) cdd_266552	0.001	0.00052	1	0.00052	1	0.001	2	0.0016	3
profile_22 (EFL) cdd_261464	0.9	0.87	102	0.88	103	0.9	105	0.92	108
profile_221 (EFL) cdd_261022	0.0038	0.00096	1	0.00096	1	0.0038	4	0.011	11
profile_135 (EFL) cdd_266552	0.00052	0.00052	1	0.00052	1	0.00052	1	0.00052	1
profile_27 (EFL) cdd_263942	0.0025	0.00046	2	0.00069	3	0.0025	11	0.046	200
profile_9 (EFL) cdd_266551	0.00027	0.00027	1	0.00027	1	0.00027	1	0.00027	1
profile_304 (EFL) cdd_263925	0.002	0.00033	1	0.00067	2	0.002	6	0.008	24
profile_60 (EFL) cdd_260398	0.00025	0.00013	1	0.00013	1	0.00025	2	0.0056	44
profile_235 (EFL) cdd_260370	0.063	0.0095	6	0.049	31	0.063	40	0.1	65
profile_107 (EFL) cdd_260432	0.0064	0.00079	1	0.0016	2	0.0064	8	0.094	118
profile_238 (EFL) cdd_263940	0.00017	0.00017	1	0.00017	1	0.00017	1	0.0017	10
profile_221 (EFL) cdd_266525	0.00024	0.00024	1	0.00024	1	0.00024	1	0.0012	5
profile_18 (EFL) cdd_260432	0.0032	0.00079	1	0.0016	2	0.0032	4	0.03	38
profile_74 (EFL) cdd_260403	0.86	0.76	441	0.83	483	0.86	498	0.89	517
profile_155 (EFL) cdd_260275	0.31	0.3	112	0.3	112	0.31	115	0.31	117
profile_5 (EFL) cdd_266552	0.00052	0.00052	1	0.00052	1	0.00052	1	0.00052	1
profile_140 (EFL) cdd_266533	0.54	0.072	6	0.072	6	0.54	45	0.8	66
profile_6 (EFL) cdd_266551	0.00027	0.00027	1	0.00027	1	0.00027	1	0.00027	1
profile_99 (EFL) cdd_260398	0.00038	0.00013	1	0.00013	1	0.00038	3	0.00076	6
profile_225 (EFL) cdd_260327	0.85	0.73	341	0.75	348	0.85	398	0.88	410
profile_139 (EFL) cdd_266552	0.00052	0.00052	1	0.00052	1	0.00052	1	0.0016	3
profile_86 (EFL) cdd_264350	0.017	0.0019	1	0.0019	1	0.017	9	0.13	67
profile_220 (EFL) cdd_260370	0.014	0.0016	1	0.0047	3	0.014	9	0.041	26
profile_232 (EFL) cdd_266551	0.0016	0.00055	2	0.00055	2	0.0016	6	0.006	22
profile_123 (EFL) cdd_266552	0.00052	0.00052	1	0.00052	1	0.00052	1	0.0021	4
profile_46 (EFL) cdd_263972	0.0014	0.00069	1	0.00069	1	0.0014	2	0.045	65
profile_38 (EFL) cdd_260534	0.034	0.0029	2	0.0029	2	0.034	23	0.079	54
profile_194 (EFL) cdd_266551	0.00027	0.00027	1	0.00027	1	0.00027	1	0.0027	10
profile_230 (EFL) cdd_266551	0.32	0.25	898	0.28	1024	0.32	1151	0.35	1272
profile_29 (EFL) cdd_261709	0.0071	0.0071	1	0.0071	1	0.0071	1	0.0071	1
profile_86 (EFL) cdd_261372	0.015	0.0017	2	0.0017	2	0.015	18	0.22	254
profile_86 (EFL) cdd_265430	0.089	0.0085	23	0.0096	26	0.089	241	0.27	728
profile_225 (EFL) cdd_262078	0.0045	0.0045	1	0.0045	1	0.0045	1	0.0045	1
profile_197 (EFL) cdd_260295	0.093	0.043	7	0.043	7	0.093	15	0.12	19
profile_141 (EFL) cdd_264347	0.14	0.12	455	0.13	467	0.14	517	0.16	573
profile_47 (EFL) cdd_266539	0.014	0.0012	1	0.0012	1	0.014	12	0.025	22
profile_88 (EFL) cdd_266552	0.00052	0.00052	1	0.00052	1	0.00052	1	0.0026	5
profile_156 (EFL) cdd_261709	0.0071	0.0071	1	0.0071	1	0.0071	1	0.0071	1
profile_0 (EFL) cdd_265470	0.0057	0.0017	7	0.0037	15	0.0057	23	0.011	43
profile_235 (EFL) cdd_266546	0.21	0.11	59	0.15	79	0.21	107	0.25	131
profile_153 (EFL) cdd_266551	0.00027	0.00027	1	0.00027	1	0.00027	1	0.00027	1
profile_107 (EFL) cdd_261488	0.0028	0.00092	1	0.00092	1	0.0028	3	0.051	56
profile_200 (EFL) cdd_260342	0.00092	0.00092	1	0.00092	1	0.00092	1	0.0092	10
profile_151 (EFL) cdd_266551	0.00027	0.00027	1	0.00027	1	0.00027	1	0.0025	9
profile_86 (EFL) cdd_260398	0.007	0.00013	1	0.00013	1	0.007	55	0.082	647
profile_86 (EFL) cdd_262530	0.025	0.005	1	0.005	1	0.025	5	0.13	26
profile_224 (EFL) cdd_264349	0.0015	0.0015	1	0.0015	1	0.0015	1	0.0029	2
profile_86 (EFL) cdd_266496	0.0039	0.00078	1	0.00078	1	0.0039	5	0.14	175
profile_202 (EFL) cdd_267455	0.15	0.15	9	0.15	9	0.15	9	0.15	9
profile_63 (EFL) cdd_266502	0.001	0.00051	1	0.00051	1	0.001	2	0.0067	13
profile_86 (EFL) cdd_260205	0.024	0.0014	1	0.0014	1	0.024	17	0.23	160
profile_139 (EFL) cdd_266551	0.00027	0.00027	1	0.00027	1	0.00027	1	0.00082	3
profile_107 (EFL) cdd_264488	0.013	0.0019	4	0.0033	7	0.013	28	0.1	214
profile_63 (EFL) cdd_260433	0.0025	0.00098	2	0.0015	3	0.0025	5	0.003	6
profile_293 (EFL) cdd_266525	0.02	0.00047	2	0.0024	10	0.02	85	0.051	217
profile_124 (EFL) cdd_265762	0.007	0.0035	1	0.0035	1	0.007	2	0.007	2
profile_86 (EFL) cdd_260167	0.025	0.0017	1	0.0017	1	0.025	15	0.21	126
profile_113 (EFL) cdd_266551	0.00027	0.00027	1	0.00027	1	0.00027	1	0.00055	2
profile_225 (EFL) cdd_187839	1.0	0.33	1	0.33	1	1.0	3	1.0	3
profile_34 (EFL) cdd_264346	0.21	0.16	138	0.16	141	0.21	186	0.25	219
profile_228 (EFL) cdd_260327	0.85	0.75	350	0.77	361	0.85	399	0.91	425
profile_265 (EFL) cdd_260366	0.0076	0.0076	1	0.0076	1	0.0076	1	0.0076	1
profile_64 (EFL) cdd_266552	0.00052	0.00052	1	0.00052	1	0.00052	1	0.0016	3
profile_215 (EFL) cdd_266551	0.00027	0.00027	1	0.00027	1	0.00027	1	0.0055	20
profile_227 (EFL) cdd_266485	0.022	0.0012	5	0.0086	35	0.022	89	0.068	278
profile_86 (EFL) cdd_265675	0.0032	0.0004	1	0.0004	1	0.0032	8	0.08	200
profile_165 (EFL) cdd_266551	0.00055	0.00027	1	0.00027	1	0.00055	2	0.006	22
profile_10 (EFL) cdd_261443	0.001	0.001	1	0.001	1	0.001	1	0.001	1
profile_224 (EFL) cdd_266626	0.79	0.5	14	0.57	16	0.79	22	0.86	24
profile_107 (EFL) cdd_260496	0.0045	0.00065	1	0.00065	1	0.0045	7	0.079	122
profile_182 (EFL) cdd_265460	0.0025	0.0025	3	0.0025	3	0.0025	3	0.011	14
profile_173 (EFL) cdd_261709	0.0071	0.0071	1	0.0071	1	0.0071	1	0.0071	1
profile_72 (EFL) cdd_266551	0.00027	0.00027	1	0.00027	1	0.00027	1	0.00082	3
profile_214 (EFL) cdd_153420	1.0	1.0	45	1.0	45	1.0	45	1.0	45
profile_32 (EFL) cdd_266552	0.00052	0.00052	1	0.00052	1	0.00052	1	0.0016	3
profile_228 (EFL) cdd_266574	0.36	0.29	165	0.3	172	0.36	206	0.51	291
profile_134 (EFL) cdd_260291	0.0074	0.0074	1	0.0074	1	0.0074	1	0.0074	1
profile_86 (EFL) cdd_197448	0.016	0.0053	1	0.0053	1	0.016	3	0.064	12
profile_113 (EFL) cdd_261709	0.0071	0.0071	1	0.0071	1	0.0071	1	0.0071	1
profile_92 (EFL) cdd_266552	0.00052	0.00052	1	0.00052	1	0.00052	1	0.0041	8
profile_55 (EFL) cdd_264356	0.041	0.029	10	0.029	10	0.041	14	0.044	15
profile_182 (EFL) cdd_267417	0.22	0.2	171	0.2	176	0.22	188	0.25	217
profile_227 (EFL) cdd_266528	0.2	0.078	8	0.18	18	0.2	20	0.27	28
profile_28 (EFL) cdd_266551	0.00027	0.00027	1	0.00027	1	0.00027	1	0.0011	4
profile_168 (EFL) cdd_260478	0.61	0.33	211	0.38	240	0.61	390	0.77	489
profile_214 (EFL) cdd_266569	0.0028	0.0028	1	0.0028	1	0.0028	1	0.0084	3
profile_125 (EFL) cdd_266551	0.00027	0.00027	1	0.00027	1	0.00027	1	0.0014	5
profile_238 (EFL) cdd_260768	0.0039	0.00097	1	0.00097	1	0.0039	4	0.012	12
profile_195 (EFL) cdd_260454	1.0	0.97	188	0.97	188	1.0	194	1.0	194
profile_130 (EFL) cdd_267298	0.015	0.002	2	0.009	9	0.015	15	0.04	40
profile_102 (EFL) cdd_260315	0.3	0.28	29	0.28	29	0.3	32	0.3	32
profile_145 (EFL) cdd_261709	0.0071	0.0071	1	0.0071	1	0.0071	1	0.0071	1
profile_171 (EFL) cdd_266538	0.038	0.036	119	0.036	119	0.038	126	0.038	128
profile_6 (EFL) cdd_266546	0.17	0.1	54	0.1	54	0.17	90	0.23	117
profile_138 (EFL) cdd_266552	0.00052	0.00052	1	0.00052	1	0.00052	1	0.0021	4
profile_282 (EFL) cdd_260256	0.23	0.2	28	0.2	28	0.23	32	0.24	34
profile_51 (EFL) cdd_266542	0.00087	0.00087	1	0.00087	1	0.00087	1	0.0096	11
profile_86 (EFL) cdd_267400	0.11	0.009	2	0.009	2	0.11	25	0.46	102
profile_107 (EFL) cdd_153432	0.17	0.056	1	0.056	1	0.17	3	0.67	12
profile_151 (EFL) cdd_261709	0.0071	0.0071	1	0.0071	1	0.0071	1	0.0071	1
profile_2 (EFL) cdd_260145	0.28	0.25	13	0.25	13	0.28	15	0.28	15
profile_20 (EFL) cdd_267450	0.78	0.67	46	0.67	46	0.78	54	0.8	55
profile_147 (EFL) cdd_266546	0.35	0.17	90	0.25	132	0.35	182	0.41	214
profile_225 (EFL) cdd_266551	0.81	0.8	2896	0.8	2911	0.81	2935	0.83	3006
profile_92 (EFL) cdd_266551	0.00027	0.00027	1	0.00027	1	0.00027	1	0.0022	8
profile_241 (EFL) cdd_264353	0.44	0.41	139	0.41	139	0.44	151	0.46	156
profile_86 (EFL) cdd_260334	0.028	0.0017	1	0.0034	2	0.028	16	0.14	84
profile_201 (EFL) cdd_263730	0.0015	0.00021	1	0.00043	2	0.0015	7	0.016	73
profile_86 (EFL) cdd_266599	0.0052	0.0026	1	0.0026	1	0.0052	2	0.11	42
profile_191 (EFL) cdd_266551	0.00027	0.00027	1	0.00027	1	0.00027	1	0.0016	6
profile_224 (EFL) cdd_266564	0.66	0.46	81	0.53	94	0.66	118	0.8	143
profile_196 (EFL) cdd_260469	0.042	0.03	129	0.03	129	0.042	180	0.051	219
profile_303 (EFL) cdd_261325	0.32	0.31	300	0.31	308	0.32	315	0.33	327
profile_213 (EFL) cdd_265675	0.0012	0.0004	1	0.0004	1	0.0012	3	0.0044	11
profile_149 (EFL) cdd_260310	0.1	0.1	13	0.1	13	0.1	13	0.1	13
profile_258 (EFL) cdd_261709	0.0071	0.0071	1	0.0071	1	0.0071	1	0.0071	1
profile_285 (EFL) cdd_266551	0.003	0.00027	1	0.00027	1	0.003	11	0.019	68
profile_107 (EFL) cdd_263924	0.011	0.0012	2	0.0012	2	0.011	19	0.12	208
profile_184 (EFL) cdd_266551	0.00027	0.00027	1	0.00027	1	0.00027	1	0.0011	4
profile_46 (EFL) cdd_261038	0.0019	0.00047	1	0.00047	1	0.0019	4	0.043	91
profile_209 (EFL) cdd_260314	0.059	0.018	4	0.023	5	0.059	13	0.13	29
profile_51 (EFL) cdd_266551	0.00055	0.00027	1	0.00027	1	0.00055	2	0.0019	7
profile_3 (EFL) cdd_266587	0.23	0.22	64	0.23	66	0.23	67	0.26	75
profile_192 (EFL) cdd_266551	0.00055	0.00027	1	0.00027	1	0.00055	2	0.003	11
profile_269 (EFL) cdd_260427	0.78	0.71	1230	0.72	1253	0.78	1349	0.85	1471
profile_189 (EFL) cdd_266502	0.0031	0.0031	6	0.0031	6	0.0031	6	0.0036	7
profile_143 (EFL) cdd_264347	0.0071	0.0055	20	0.0055	20	0.0071	26	0.01	38
profile_30 (EFL) cdd_266561	0.081	0.081	20	0.081	20	0.081	20	0.089	22
profile_13 (EFL) cdd_266551	0.00027	0.00027	1	0.00027	1	0.00027	1	0.00027	1
profile_86 (EFL) cdd_261400	0.0039	0.0039	1	0.0039	1	0.0039	1	0.027	7
profile_33 (EFL) cdd_266551	0.00027	0.00027	1	0.00027	1	0.00027	1	0.00055	2
profile_1 (EFL) cdd_261709	0.0071	0.0071	1	0.0071	1	0.0071	1	0.0071	1
profile_247 (EFL) cdd_176599	0.026	0.026	1	0.026	1	0.026	1	0.026	1
profile_283 (EFL) cdd_261325	0.002	0.001	1	0.001	1	0.002	2	0.002	2
profile_258 (EFL) cdd_266551	0.00027	0.00027	1	0.00027	1	0.00027	1	0.0016	6
profile_86 (EFL) cdd_265458	0.019	0.0012	2	0.0012	2	0.019	33	0.13	217
profile_86 (EFL) cdd_238247	0.026	0.0051	1	0.0051	1	0.026	5	0.16	32
profile_255 (EFL) cdd_266551	0.00027	0.00027	1	0.00027	1	0.00027	1	0.00027	1
profile_107 (EFL) cdd_241902	0.024	0.0034	1	0.0034	1	0.024	7	0.11	33
profile_86 (EFL) cdd_263718	0.017	0.0034	1	0.0034	1	0.017	5	0.11	33
profile_107 (EFL) cdd_265459	0.0047	0.00047	1	0.00047	1	0.0047	10	0.055	117
profile_147 (EFL) cdd_263925	0.14	0.01	31	0.033	99	0.14	405	0.21	639
profile_86 (EFL) cdd_263971	0.019	0.0039	1	0.0039	1	0.019	5	0.24	61
profile_165 (EFL) cdd_261674	0.95	0.95	42	0.95	42	0.95	42	0.95	42
profile_157 (EFL) cdd_263923	0.31	0.22	197	0.25	226	0.31	280	0.35	316
profile_130 (EFL) cdd_187839	0.33	0.33	1	0.33	1	0.33	1	1.0	3
profile_303 (EFL) cdd_261443	0.0062	0.001	1	0.0021	2	0.0062	6	0.012	12
profile_200 (EFL) cdd_265771	0.0016	0.00082	1	0.00082	1	0.0016	2	0.0033	4
profile_294 (EFL) cdd_260159	1.0	1.0	51	1.0	51	1.0	51	1.0	51
profile_228 (EFL) cdd_266551	0.83	0.81	2966	0.82	3002	0.83	3037	0.85	3095
profile_248 (EFL) cdd_266551	0.00027	0.00027	1	0.00027	1	0.00027	1	0.0016	6
profile_121 (EFL) cdd_266533	0.87	0.63	52	0.76	63	0.87	72	0.96	80
profile_154 (EFL) cdd_260269	0.97	0.9	267	0.9	267	0.97	288	0.98	289
profile_86 (EFL) cdd_264522	0.041	0.0034	1	0.0034	1	0.041	12	0.4	118
profile_86 (EFL) cdd_259839	0.22	0.17	3	0.17	3	0.22	4	0.78	14
profile_126 (EFL) cdd_266552	0.00052	0.00052	1	0.00052	1	0.00052	1	0.00052	1
profile_257 (EFL) cdd_263924	0.0006	0.0006	1	0.0006	1	0.0006	1	0.0018	3
profile_228 (EFL) cdd_266525	0.055	0.051	218	0.052	220	0.055	235	0.067	283
profile_86 (EFL) cdd_261433	0.096	0.0096	1	0.0096	1	0.096	10	0.35	36
profile_304 (EFL) cdd_263944	0.00083	0.00083	1	0.00083	1	0.00083	1	0.00083	1
profile_0 (EFL) cdd_265651	0.00076	0.00076	2	0.00076	2	0.00076	2	0.0023	6
profile_269 (EFL) cdd_261594	0.0025	0.0025	1	0.0025	1	0.0025	1	0.015	6
profile_293 (EFL) cdd_266485	0.36	0.16	658	0.29	1158	0.36	1454	0.41	1676
profile_213 (EFL) cdd_238155	0.45	0.27	3	0.45	5	0.45	5	0.82	9
profile_39 (EFL) cdd_260342	0.9	0.79	858	0.82	896	0.9	984	0.95	1033
profile_236 (EFL) cdd_266551	0.00027	0.00027	1	0.00027	1	0.00027	1	0.0014	5
profile_85 (EFL) cdd_266552	0.00052	0.00052	1	0.00052	1	0.00052	1	0.00052	1
profile_246 (EFL) cdd_261022	0.0057	0.00096	1	0.0019	2	0.0057	6	0.021	22
profile_38 (EFL) cdd_265459	0.62	0.45	968	0.5	1073	0.62	1328	0.76	1627
profile_232 (EFL) cdd_261038	0.00047	0.00047	1	0.00047	1	0.00047	1	0.015	31
profile_107 (EFL) cdd_266538	0.0033	0.0003	1	0.0003	1	0.0033	11	0.051	169
profile_0 (EFL) cdd_260181	0.0032	0.0032	1	0.0032	1	0.0032	1	0.0032	1
profile_86 (EFL) cdd_266488	0.02	0.004	1	0.004	1	0.02	5	0.16	40
profile_180 (EFL) cdd_266552	0.00052	0.00052	1	0.00052	1	0.00052	1	0.001	2
profile_154 (EFL) cdd_266551	0.00027	0.00027	1	0.00027	1	0.00027	1	0.0019	7
profile_36 (EFL) cdd_263972	0.64	0.5	732	0.59	852	0.64	926	0.71	1032
profile_41 (EFL) cdd_265459	0.0014	0.00047	1	0.00047	1	0.0014	3	0.0089	19
profile_107 (EFL) cdd_260349	0.016	0.0054	1	0.0054	1	0.016	3	0.098	18
profile_213 (EFL) cdd_265470	0.005	0.00075	3	0.002	8	0.005	20	0.012	50
profile_56 (EFL) cdd_261709	0.0071	0.0071	1	0.0071	1	0.0071	1	0.0071	1
profile_303 (EFL) cdd_260201	0.53	0.48	341	0.51	364	0.53	379	0.58	413
profile_38 (EFL) cdd_261004	0.32	0.3	94	0.31	95	0.32	100	0.35	108
profile_147 (EFL) cdd_266569	0.34	0.15	55	0.23	82	0.34	121	0.55	197
profile_53 (EFL) cdd_260398	0.19	0.16	1226	0.17	1335	0.19	1488	0.21	1654
profile_218 (EFL) cdd_212558	0.63	0.38	36	0.48	45	0.63	59	0.73	69
profile_143 (EFL) cdd_266551	0.00027	0.00027	1	0.00027	1	0.00027	1	0.00082	3
profile_220 (EFL) cdd_119389	0.02	0.0028	1	0.0057	2	0.02	7	0.097	34
profile_163 (EFL) cdd_266551	0.00027	0.00027	1	0.00027	1	0.00027	1	0.0052	19
profile_5 (EFL) cdd_266546	0.41	0.32	165	0.32	165	0.41	211	0.43	224
profile_174 (EFL) cdd_266552	0.00052	0.00052	1	0.00052	1	0.00052	1	0.00052	1
profile_13 (EFL) cdd_266674	0.83	0.83	105	0.83	105	0.83	106	0.86	109
profile_208 (EFL) cdd_260430	0.025	0.001	1	0.002	2	0.025	24	0.065	64
profile_105 (EFL) cdd_260262	0.46	0.39	75	0.44	85	0.46	88	0.47	91
profile_292 (EFL) cdd_266539	0.0035	0.0012	1	0.0023	2	0.0035	3	0.018	16
profile_229 (EFL) cdd_266551	0.69	0.67	2455	0.68	2467	0.69	2505	0.72	2613
profile_90 (EFL) cdd_260251	0.73	0.7	212	0.72	216	0.73	221	0.75	227
profile_136 (EFL) cdd_266551	0.00027	0.00027	1	0.00027	1	0.00027	1	0.0016	6
profile_203 (EFL) cdd_266551	0.00055	0.00027	1	0.00027	1	0.00055	2	0.0025	9
profile_14 (EFL) cdd_266552	0.00052	0.00052	1	0.00052	1	0.00052	1	0.001	2
profile_144 (EFL) cdd_266551	0.00027	0.00027	1	0.00027	1	0.00027	1	0.00082	3
profile_135 (EFL) cdd_266551	0.00027	0.00027	1	0.00027	1	0.00027	1	0.00027	1
profile_241 (EFL) cdd_266551	0.00027	0.00027	1	0.00027	1	0.00027	1	0.0011	4
profile_233 (EFL) cdd_267315	0.18	0.065	127	0.096	187	0.18	352	0.27	522
profile_156 (EFL) cdd_266552	0.00052	0.00052	1	0.00052	1	0.00052	1	0.00052	1
profile_273 (EFL) cdd_260331	0.018	0.01	23	0.012	26	0.018	39	0.02	44
profile_207 (EFL) cdd_266551	0.00027	0.00027	1	0.00027	1	0.00027	1	0.0011	4
profile_152 (EFL) cdd_266502	0.0082	0.001	2	0.0015	3	0.0082	16	0.029	57
profile_107 (EFL) cdd_260227	0.024	0.0036	6	0.0066	11	0.024	40	0.19	322
profile_86 (EFL) cdd_246675	0.0079	0.0006	1	0.0006	1	0.0079	13	0.085	140
profile_266 (EFL) cdd_266551	0.00027	0.00027	1	0.00027	1	0.00027	1	0.00082	3
profile_189 (EFL) cdd_266551	0.00027	0.00027	1	0.00027	1	0.00027	1	0.00055	2
profile_280 (EFL) cdd_261709	0.0071	0.0071	1	0.0071	1	0.0071	1	0.0071	1
profile_304 (EFL) cdd_263758	0.0079	0.00056	1	0.0017	3	0.0079	14	0.04	72
profile_298 (EFL) cdd_266551	0.00027	0.00027	1	0.00027	1	0.00027	1	0.0047	17
profile_190 (EFL) cdd_260278	0.58	0.44	67	0.44	68	0.58	89	0.68	104
profile_96 (EFL) cdd_266551	0.00027	0.00027	1	0.00027	1	0.00027	1	0.0069	25
profile_276 (EFL) cdd_260375	0.9	0.89	144	0.89	144	0.9	145	0.9	145
profile_150 (EFL) cdd_266552	0.00052	0.00052	1	0.00052	1	0.00052	1	0.00052	1
profile_243 (EFL) cdd_248061	0.0058	0.0058	1	0.0058	1	0.0058	1	0.017	3
profile_62 (EFL) cdd_266551	0.0016	0.00027	1	0.00027	1	0.0016	6	0.006	22
profile_208 (EFL) cdd_266551	0.00082	0.00027	1	0.00027	1	0.00082	3	0.0071	26
profile_0 (EFL) cdd_260433	0.0025	0.0015	3	0.002	4	0.0025	5	0.0034	7
profile_299 (EFL) cdd_266583	0.36	0.31	268	0.33	285	0.36	309	0.37	318
profile_2 (EFL) cdd_261709	0.0071	0.0071	1	0.0071	1	0.0071	1	0.0071	1
profile_246 (EFL) cdd_263942	0.00023	0.00023	1	0.00023	1	0.00023	1	0.0025	11
profile_252 (EFL) cdd_266551	0.00027	0.00027	1	0.00027	1	0.00027	1	0.00055	2
profile_54 (EFL) cdd_267417	0.0023	0.0012	1	0.0012	1	0.0023	2	0.035	30
profile_289 (EFL) cdd_266551	0.00082	0.00027	1	0.00027	1	0.00082	3	0.003	11
profile_152 (EFL) cdd_260155	0.75	0.57	167	0.62	182	0.75	218	0.84	246
profile_117 (EFL) cdd_266551	0.00027	0.00027	1	0.00027	1	0.00027	1	0.0014	5
profile_102 (EFL) cdd_266551	0.00027	0.00027	1	0.00027	1	0.00027	1	0.0014	5
profile_263 (EFL) cdd_266551	0.00027	0.00027	1	0.00027	1	0.00027	1	0.0074	27
profile_107 (EFL) cdd_260458	0.0057	0.0011	1	0.0023	2	0.0057	5	0.083	72
profile_86 (EFL) cdd_261442	0.0082	0.00063	1	0.00063	1	0.0082	13	0.12	186
profile_218 (EFL) cdd_264347	0.00027	0.00027	1	0.00027	1	0.00027	1	0.0019	7
profile_135 (EFL) cdd_261709	0.0071	0.0071	1	0.0071	1	0.0071	1	0.0071	1
profile_228 (EFL) cdd_260315	0.63	0.43	45	0.43	45	0.63	66	0.65	68
profile_212 (EFL) cdd_212558	0.37	0.18	17	0.22	21	0.37	35	0.54	51
profile_196 (EFL) cdd_261709	0.0071	0.0071	1	0.0071	1	0.0071	1	0.0071	1
profile_213 (EFL) cdd_263920	0.0017	0.00035	1	0.001	3	0.0017	5	0.0024	7
profile_86 (EFL) cdd_266539	0.017	0.0012	1	0.0012	1	0.017	15	0.2	176
profile_256 (EFL) cdd_266551	0.00027	0.00027	1	0.00027	1	0.00027	1	0.00055	2
profile_217 (EFL) cdd_266551	0.00027	0.00027	1	0.00027	1	0.00027	1	0.0016	6
profile_63 (EFL) cdd_260331	0.00045	0.00045	1	0.00045	1	0.00045	1	0.0009	2
profile_86 (EFL) cdd_261038	0.052	0.00047	1	0.0028	6	0.052	110	0.35	747
profile_71 (EFL) cdd_266551	0.00027	0.00027	1	0.00027	1	0.00027	1	0.00055	2
profile_225 (EFL) cdd_266574	0.34	0.29	166	0.34	192	0.34	197	0.39	222
profile_66 (EFL) cdd_266551	0.00082	0.00027	1	0.00027	1	0.00082	3	0.0049	18
profile_170 (EFL) cdd_266552	0.00052	0.00052	1	0.00052	1	0.00052	1	0.001	2
profile_231 (EFL) cdd_260261	0.78	0.66	69	0.7	74	0.78	82	0.86	90
profile_86 (EFL) cdd_260327	0.024	0.0021	1	0.0021	1	0.024	11	0.16	75
profile_269 (EFL) cdd_264509	0.0014	0.0014	1	0.0014	1	0.0014	1	0.0028	2
profile_45 (EFL) cdd_265439	0.00099	0.00099	1	0.00099	1	0.00099	1	0.0039	4
profile_252 (EFL) cdd_266552	0.00052	0.00052	1	0.00052	1	0.00052	1	0.00052	1
profile_232 (EFL) cdd_266569	0.036	0.0028	1	0.0084	3	0.036	13	0.078	28
profile_105 (EFL) cdd_263758	0.00056	0.00056	1	0.00056	1	0.00056	1	0.0011	2
profile_139 (EFL) cdd_265413	0.079	0.055	165	0.055	165	0.079	239	0.091	275
profile_182 (EFL) cdd_263931	0.23	0.22	123	0.22	126	0.23	131	0.25	140
profile_107 (EFL) cdd_260247	0.0082	0.001	1	0.001	1	0.0082	8	0.08	78
profile_49 (EFL) cdd_266552	0.00052	0.00052	1	0.00052	1	0.00052	1	0.00052	1
profile_153 (EFL) cdd_264507	0.001	0.001	1	0.001	1	0.001	1	0.0021	2
profile_190 (EFL) cdd_266552	0.00052	0.00052	1	0.00052	1	0.00052	1	0.00052	1
profile_54 (EFL) cdd_266485	0.00049	0.00025	1	0.00025	1	0.00049	2	0.011	44
profile_122 (EFL) cdd_266552	0.00052	0.00052	1	0.00052	1	0.00052	1	0.0016	3
profile_249 (EFL) cdd_266526	0.00014	0.00014	1	0.00014	1	0.00014	1	0.001	7
profile_109 (EFL) cdd_266552	0.00052	0.00052	1	0.00052	1	0.00052	1	0.0047	9
profile_169 (EFL) cdd_261709	0.0071	0.0071	1	0.0071	1	0.0071	1	0.0071	1
profile_175 (EFL) cdd_260768	0.17	0.14	143	0.14	145	0.17	179	0.28	288
profile_0 (EFL) cdd_238008	0.82	0.8	83	0.8	83	0.82	85	0.82	85
profile_286 (EFL) cdd_266551	0.00027	0.00027	1	0.00027	1	0.00027	1	0.0038	14
profile_8 (EFL) cdd_264488	0.72	0.65	1390	0.68	1439	0.72	1539	0.76	1611
profile_228 (EFL) cdd_260251	0.0033	0.0033	1	0.0033	1	0.0033	1	0.013	4
profile_86 (EFL) cdd_213405	0.033	0.0083	1	0.0083	1	0.033	4	0.083	10
profile_23 (EFL) cdd_266541	0.17	0.16	175	0.16	179	0.17	181	0.17	182
profile_14 (EFL) cdd_266551	0.00027	0.00027	1	0.00027	1	0.00027	1	0.0011	4
profile_212 (EFL) cdd_266586	0.48	0.31	53	0.35	60	0.48	81	0.56	96
profile_107 (EFL) cdd_265450	0.0067	0.00084	2	0.00084	2	0.0067	16	0.11	258
profile_86 (EFL) cdd_261334	0.076	0.0036	1	0.0036	1	0.076	21	0.24	65
profile_86 (EFL) cdd_241585	0.0063	0.0063	1	0.0063	1	0.0063	1	0.11	17
profile_214 (EFL) cdd_260432	0.0048	0.0016	2	0.004	5	0.0048	6	0.0095	12
profile_116 (EFL) cdd_260156	0.0068	0.0034	1	0.0034	1	0.0068	2	0.014	4
profile_228 (EFL) cdd_266552	0.0016	0.0016	3	0.0016	3	0.0016	3	0.0041	8
profile_289 (EFL) cdd_266525	0.00047	0.00024	1	0.00024	1	0.00047	2	0.0012	5
profile_218 (EFL) cdd_212556	0.25	0.12	1	0.12	1	0.25	2	0.5	4
profile_210 (EFL) cdd_266551	0.00055	0.00027	1	0.00027	1	0.00055	2	0.0019	7
profile_225 (EFL) cdd_266485	0.00049	0.00025	1	0.00025	1	0.00049	2	0.0022	9
profile_292 (EFL) cdd_263940	0.00017	0.00017	1	0.00017	1	0.00017	1	0.0024	14
profile_287 (EFL) cdd_243239	0.45	0.27	89	0.33	108	0.45	146	0.49	160
profile_107 (EFL) cdd_264487	0.014	0.00085	3	0.0023	8	0.014	49	0.1	371
profile_213 (EFL) cdd_260331	0.00045	0.00045	1	0.00045	1	0.00045	1	0.00045	1
profile_134 (EFL) cdd_266496	0.00078	0.00078	1	0.00078	1	0.00078	1	0.0016	2
profile_98 (EFL) cdd_260138	0.046	0.045	62	0.046	63	0.046	63	0.047	64
profile_295 (EFL) cdd_246675	0.0006	0.0006	1	0.0006	1	0.0006	1	0.0012	2
profile_196 (EFL) cdd_266551	0.00027	0.00027	1	0.00027	1	0.00027	1	0.00082	3
profile_110 (EFL) cdd_265440	0.33	0.23	146	0.24	148	0.33	208	0.35	222
profile_225 (EFL) cdd_266525	0.049	0.045	193	0.048	205	0.049	207	0.055	233
profile_48 (EFL) cdd_260398	0.00063	0.00013	1	0.00013	1	0.00063	5	0.0015	12
profile_140 (EFL) cdd_266552	0.00052	0.00052	1	0.00052	1	0.00052	1	0.0016	3
profile_88 (EFL) cdd_238078	0.016	0.016	1	0.016	1	0.016	1	0.016	1
profile_87 (EFL) cdd_266526	0.0017	0.00029	2	0.00029	2	0.0017	12	0.0043	30
profile_142 (EFL) cdd_264347	0.0076	0.0046	17	0.0049	18	0.0076	28	0.0095	35
profile_170 (EFL) cdd_266538	0.038	0.035	117	0.035	117	0.038	125	0.039	130
profile_279 (EFL) cdd_260427	0.067	0.06	104	0.061	105	0.067	116	0.073	126
profile_60 (EFL) cdd_266551	0.00055	0.00027	1	0.00027	1	0.00055	2	0.0036	13
profile_293 (EFL) cdd_266546	0.27	0.15	80	0.23	120	0.27	140	0.29	152
profile_107 (EFL) cdd_260207	0.0028	0.00092	1	0.00092	1	0.0028	3	0.053	58
profile_38 (EFL) cdd_245232	0.31	0.2	175	0.24	208	0.31	274	0.42	371
profile_204 (EFL) cdd_261300	0.59	0.57	1198	0.58	1213	0.59	1223	0.59	1237
profile_113 (EFL) cdd_266502	0.0015	0.00051	1	0.00051	1	0.0015	3	0.019	36
profile_213 (EFL) cdd_260181	0.0032	0.0032	1	0.0032	1	0.0032	1	0.0032	1
profile_86 (EFL) cdd_266498	0.048	0.0037	1	0.0037	1	0.048	13	0.25	67
profile_137 (EFL) cdd_266551	0.00027	0.00027	1	0.00027	1	0.00027	1	0.00082	3
profile_129 (EFL) cdd_264357	0.0023	0.00075	1	0.0015	2	0.0023	3	0.0098	13
profile_107 (EFL) cdd_260367	0.015	0.0026	1	0.0026	1	0.015	6	0.14	55
profile_292 (EFL) cdd_261441	0.0072	0.0024	1	0.0072	3	0.0072	3	0.014	6
profile_147 (EFL) cdd_266485	0.31	0.11	433	0.2	814	0.31	1244	0.41	1647
profile_63 (EFL) cdd_238155	0.64	0.36	4	0.36	4	0.64	7	0.91	10
profile_51 (EFL) cdd_266546	0.0019	0.0019	1	0.0019	1	0.0019	1	0.0039	2
profile_51 (EFL) cdd_260285	0.0097	0.0097	1	0.0097	1	0.0097	1	0.039	4
profile_29 (EFL) cdd_260329	0.16	0.16	60	0.16	60	0.16	61	0.16	61
profile_237 (EFL) cdd_267449	0.015	0.0025	1	0.005	2	0.015	6	0.055	22
profile_233 (EFL) cdd_266551	0.00027	0.00027	1	0.00027	1	0.00027	1	0.0063	23
profile_246 (EFL) cdd_266579	0.025	0.0036	2	0.0072	4	0.025	14	0.21	115
profile_289 (EFL) cdd_261449	0.17	0.081	167	0.098	202	0.17	351	0.24	491
profile_134 (EFL) cdd_261105	0.014	0.014	1	0.014	1	0.014	1	0.014	1
profile_228 (EFL) cdd_267297	0.92	0.89	118	0.91	121	0.92	123	0.97	129
profile_231 (EFL) cdd_266551	0.0063	0.00027	1	0.00027	1	0.0063	23	0.053	194
profile_214 (EFL) cdd_211413	0.034	0.0042	1	0.025	6	0.034	8	0.097	23
profile_51 (EFL) cdd_265439	0.002	0.00099	1	0.00099	1	0.002	2	0.0089	9
profile_54 (EFL) cdd_260226	0.7	0.65	127	0.66	128	0.7	136	0.76	148
profile_107 (EFL) cdd_260196	0.0088	0.00083	2	0.00083	2	0.0088	21	0.14	327
profile_219 (EFL) cdd_266551	0.00027	0.00027	1	0.00027	1	0.00027	1	0.0011	4
profile_251 (EFL) cdd_266552	0.00052	0.00052	1	0.00052	1	0.00052	1	0.00052	1
profile_197 (EFL) cdd_261709	0.0071	0.0071	1	0.0071	1	0.0071	1	0.014	2
profile_201 (EFL) cdd_266587	0.19	0.18	52	0.19	55	0.19	55	0.2	57
profile_293 (EFL) cdd_263925	0.016	0.001	3	0.004	12	0.016	47	0.11	340
profile_55 (EFL) cdd_266552	0.014	0.014	27	0.014	27	0.014	27	0.014	27
profile_235 (EFL) cdd_266547	0.33	0.19	54	0.21	59	0.33	92	0.44	123
profile_293 (EFL) cdd_266569	0.53	0.21	75	0.4	142	0.53	189	0.65	233
profile_246 (EFL) cdd_261369	0.12	0.025	7	0.064	18	0.12	33	0.46	130
profile_99 (EFL) cdd_260433	0.00049	0.00049	1	0.00049	1	0.00049	1	0.00049	1
profile_86 (EFL) cdd_266551	0.0088	0.00027	1	0.00055	2	0.0088	32	0.14	492
profile_235 (EFL) cdd_266569	0.29	0.18	63	0.23	83	0.29	105	0.53	191
profile_0 (EFL) cdd_238155	0.82	0.36	4	0.55	6	0.82	9	0.91	10
profile_118 (EFL) cdd_263925	0.0067	0.00033	1	0.00033	1	0.0067	20	0.033	100
profile_294 (EFL) cdd_260205	0.025	0.014	10	0.016	11	0.025	18	0.032	23
profile_63 (EFL) cdd_238008	0.82	0.82	85	0.82	85	0.82	85	0.82	85
profile_303 (EFL) cdd_245232	0.14	0.13	114	0.14	122	0.14	127	0.15	135
profile_190 (EFL) cdd_261709	0.0071	0.0071	1	0.0071	1	0.0071	1	0.0071	1
profile_281 (EFL) cdd_266551	0.00027	0.00027	1	0.00027	1	0.00027	1	0.0016	6
profile_31 (EFL) cdd_260455	0.2	0.19	122	0.19	122	0.2	128	0.2	130
profile_61 (EFL) cdd_260339	0.11	0.0029	4	0.0057	8	0.11	156	0.31	429
profile_53 (EFL) cdd_266525	0.00024	0.00024	1	0.00024	1	0.00024	1	0.0016	7
profile_107 (EFL) cdd_266912	0.0031	0.0031	1	0.0031	1	0.0031	1	0.044	14
profile_145 (EFL) cdd_266552	0.00052	0.00052	1	0.00052	1	0.00052	1	0.00052	1
profile_131 (EFL) cdd_267420	0.038	0.038	1	0.038	1	0.038	1	0.038	1
profile_104 (EFL) cdd_260306	0.78	0.77	151	0.77	151	0.78	153	0.79	156
profile_272 (EFL) cdd_260271	0.13	0.1	54	0.11	58	0.13	72	0.17	91
profile_236 (EFL) cdd_263946	0.09	0.062	52	0.084	71	0.09	76	0.098	83
profile_228 (EFL) cdd_187839	0.33	0.33	1	0.33	1	0.33	1	1.0	3
profile_60 (EFL) cdd_260377	0.0072	0.0022	3	0.0022	3	0.0072	10	0.016	22
profile_151 (EFL) cdd_260274	1.0	0.87	13	0.87	13	1.0	15	1.0	15
profile_60 (EFL) cdd_264805	0.077	0.038	1	0.038	1	0.077	2	0.27	7
profile_41 (EFL) cdd_266574	0.34	0.34	195	0.34	196	0.34	196	0.34	197
profile_86 (EFL) cdd_260152	0.021	0.0035	1	0.0035	1	0.021	6	0.17	48
profile_63 (EFL) cdd_246675	0.0006	0.0006	1	0.0006	1	0.0006	1	0.0012	2
profile_93 (EFL) cdd_266508	0.92	0.91	1597	0.91	1599	0.92	1609	0.92	1614
profile_86 (EFL) cdd_260430	0.013	0.002	2	0.002	2	0.013	13	0.11	106
profile_86 (EFL) cdd_261284	0.0045	0.0009	1	0.0009	1	0.0045	5	0.092	102
profile_31 (EFL) cdd_266552	0.00052	0.00052	1	0.00052	1	0.00052	1	0.0021	4
profile_32 (EFL) cdd_266551	0.00082	0.00055	2	0.00055	2	0.00082	3	0.0019	7
profile_86 (EFL) cdd_247803	0.013	0.0014	1	0.0014	1	0.013	9	0.12	87
profile_175 (EFL) cdd_266526	0.00014	0.00014	1	0.00014	1	0.00014	1	0.00086	6
profile_192 (EFL) cdd_266552	0.00052	0.00052	1	0.00052	1	0.00052	1	0.0041	8
profile_73 (EFL) cdd_266551	0.00027	0.00027	1	0.00027	1	0.00027	1	0.0014	5
profile_222 (EFL) cdd_266698	0.33	0.23	16	0.29	20	0.33	23	0.33	23
profile_107 (EFL) cdd_260315	0.019	0.0095	1	0.0095	1	0.019	2	0.19	20
profile_153 (EFL) cdd_264350	0.0019	0.0019	1	0.0019	1	0.0019	1	0.0019	1
profile_86 (EFL) cdd_266492	0.0091	0.00091	1	0.00091	1	0.0091	10	0.13	144
profile_60 (EFL) cdd_263080	0.008	0.0011	2	0.0011	2	0.008	15	0.048	91
profile_39 (EFL) cdd_260163	0.0028	0.0014	1	0.0014	1	0.0028	2	0.0043	3
profile_229 (EFL) cdd_266630	0.022	0.0054	2	0.011	4	0.022	8	0.11	39
profile_67 (EFL) cdd_266551	0.00055	0.00027	1	0.00027	1	0.00055	2	0.0011	4
profile_221 (EFL) cdd_260308	0.0045	0.00089	1	0.0018	2	0.0045	5	0.015	17
profile_21 (EFL) cdd_266551	0.00027	0.00027	1	0.00027	1	0.00027	1	0.0025	9
profile_86 (EFL) cdd_265413	0.0073	0.00033	1	0.00033	1	0.0073	22	0.11	346
profile_200 (EFL) cdd_265651	0.37	0.36	937	0.36	948	0.37	976	0.38	1006
profile_200 (EFL) cdd_266525	0.0014	0.00024	1	0.00047	2	0.0014	6	0.0094	40
profile_125 (EFL) cdd_266552	0.00052	0.00052	1	0.00052	1	0.00052	1	0.0026	5
profile_221 (EFL) cdd_260302	0.0045	0.0045	1	0.0045	1	0.0045	1	0.0045	1
profile_179 (EFL) cdd_267447	0.96	0.87	20	0.87	20	0.96	22	0.96	22
profile_302 (EFL) cdd_266551	0.00055	0.00027	1	0.00027	1	0.00055	2	0.006	22
profile_38 (EFL) cdd_263920	0.0017	0.0007	2	0.0007	2	0.0017	5	0.0031	9
profile_148 (EFL) cdd_245211	0.13	0.1	18	0.1	18	0.13	23	0.18	31
profile_86 (EFL) cdd_264354	0.041	0.0032	4	0.0032	4	0.041	51	0.25	310
profile_15 (EFL) cdd_266551	0.00027	0.00027	1	0.00027	1	0.00027	1	0.0022	8
profile_107 (EFL) cdd_261289	0.006	0.002	1	0.002	1	0.006	3	0.076	38
profile_233 (EFL) cdd_266538	0.039	0.023	78	0.025	84	0.039	130	0.085	282
profile_54 (EFL) cdd_266551	0.00027	0.00027	1	0.00027	1	0.00027	1	0.0025	9
profile_73 (EFL) cdd_266552	0.00052	0.00052	1	0.00052	1	0.00052	1	0.0047	9
profile_28 (EFL) cdd_267411	0.83	0.62	18	0.62	18	0.83	24	0.97	28
profile_283 (EFL) cdd_266551	0.28	0.23	838	0.25	924	0.28	1034	0.33	1199
profile_295 (EFL) cdd_266528	0.51	0.29	30	0.35	36	0.51	52	0.65	66
profile_147 (EFL) cdd_266547	0.58	0.3	84	0.42	119	0.58	164	0.7	198
profile_41 (EFL) cdd_260399	0.00069	0.00069	1	0.00069	1	0.00069	1	0.0014	2
profile_85 (EFL) cdd_266551	0.00027	0.00027	1	0.00027	1	0.00027	1	0.0016	6
profile_16 (EFL) cdd_266551	0.00027	0.00027	1	0.00027	1	0.00027	1	0.00082	3
profile_100 (EFL) cdd_266526	0.00014	0.00014	1	0.00014	1	0.00014	1	0.00072	5
profile_226 (EFL) cdd_266551	0.0052	0.0019	7	0.0044	16	0.0052	19	0.0082	30
profile_134 (EFL) cdd_266580	0.013	0.012	29	0.013	33	0.013	33	0.036	89
profile_10 (EFL) cdd_263927	0.66	0.63	134	0.63	134	0.66	140	0.68	144
profile_44 (EFL) cdd_266538	0.048	0.044	147	0.047	156	0.048	161	0.05	165
profile_86 (EFL) cdd_263509	0.055	0.0025	6	0.0029	7	0.055	130	0.27	639
profile_230 (EFL) cdd_263940	0.001	0.00034	2	0.00034	2	0.001	6	0.0024	14
profile_212 (EFL) cdd_266551	0.00082	0.00027	1	0.00027	1	0.00082	3	0.0088	32
profile_143 (EFL) cdd_266552	0.00052	0.00052	1	0.00052	1	0.00052	1	0.00052	1
profile_54 (EFL) cdd_266552	0.00052	0.00052	1	0.00052	1	0.00052	1	0.001	2
profile_232 (EFL) cdd_261709	0.021	0.0071	1	0.0071	1	0.021	3	0.043	6
profile_186 (EFL) cdd_260279	0.21	0.17	84	0.17	85	0.21	102	0.28	138
profile_40 (EFL) cdd_265430	0.00037	0.00037	1	0.00037	1	0.00037	1	0.00037	1
profile_304 (EFL) cdd_263543	0.0035	0.0017	1	0.0035	2	0.0035	2	0.0087	5
profile_83 (EFL) cdd_266552	0.00052	0.00052	1	0.00052	1	0.00052	1	0.00052	1
profile_123 (EFL) cdd_263943	0.034	0.0022	2	0.0022	2	0.034	31	0.094	85
profile_0 (EFL) cdd_260331	0.00045	0.00045	1	0.00045	1	0.00045	1	0.00045	1
profile_36 (EFL) cdd_264492	0.0062	0.00057	1	0.0034	6	0.0062	11	0.028	50
profile_294 (EFL) cdd_263543	0.0017	0.0017	1	0.0017	1	0.0017	1	0.0017	1
profile_78 (EFL) cdd_265774	0.14	0.076	67	0.076	67	0.14	124	0.16	143
profile_185 (EFL) cdd_266551	0.00055	0.00027	1	0.00027	1	0.00055	2	0.013	46
profile_86 (EFL) cdd_266516	0.018	0.00063	1	0.00063	1	0.018	29	0.24	374
profile_86 (EFL) cdd_261488	0.011	0.0018	2	0.0018	2	0.011	12	0.12	127
profile_304 (EFL) cdd_260432	0.0072	0.0016	2	0.0024	3	0.0072	9	0.023	29
profile_107 (EFL) cdd_267460	0.012	0.0046	7	0.0046	7	0.012	18	0.12	182
profile_239 (EFL) cdd_267298	0.034	0.03	30	0.032	32	0.034	34	0.036	36
profile_16 (EFL) cdd_261709	0.0071	0.0071	1	0.0071	1	0.0071	1	0.0071	1
profile_62 (EFL) cdd_266525	0.11	0.096	408	0.1	426	0.11	450	0.11	476
profile_205 (EFL) cdd_260187	0.65	0.58	15	0.58	15	0.65	17	0.81	21
profile_167 (EFL) cdd_267315	0.14	0.12	238	0.12	238	0.14	270	0.14	272
profile_159 (EFL) cdd_266551	0.00027	0.00027	1	0.00027	1	0.00027	1	0.00027	1
profile_169 (EFL) cdd_260185	0.43	0.43	13	0.43	13	0.43	13	0.47	14
profile_37 (EFL) cdd_263972	0.88	0.8	1161	0.83	1212	0.88	1277	0.93	1345
profile_38 (EFL) cdd_260167	0.82	0.78	463	0.79	469	0.82	490	0.85	503
profile_228 (EFL) cdd_264488	0.0042	0.00047	1	0.00047	1	0.0042	9	0.031	67
profile_86 (EFL) cdd_238353	0.036	0.0089	1	0.0089	1	0.036	4	0.21	23
profile_75 (EFL) cdd_260963	0.73	0.68	256	0.68	256	0.73	275	0.76	286
profile_1 (EFL) cdd_260145	0.21	0.17	9	0.17	9	0.21	11	0.23	12
profile_280 (EFL) cdd_260323	0.022	0.012	10	0.012	10	0.022	18	0.029	23
profile_264 (EFL) cdd_266552	0.00052	0.00052	1	0.00052	1	0.00052	1	0.019	37
profile_226 (EFL) cdd_261368	0.0055	0.0055	1	0.0055	1	0.0055	1	0.0055	1
profile_30 (EFL) cdd_266552	0.00052	0.00052	1	0.00052	1	0.00052	1	0.0062	12
profile_249 (EFL) cdd_266551	0.00027	0.00027	1	0.00027	1	0.00027	1	0.00027	1
profile_293 (EFL) cdd_263945	0.18	0.0062	2	0.072	23	0.18	59	0.33	106
profile_229 (EFL) cdd_263940	0.0015	0.00017	1	0.00017	1	0.0015	9	0.019	110
profile_237 (EFL) cdd_266551	0.0025	0.00027	1	0.00027	1	0.0025	9	0.016	59
profile_150 (EFL) cdd_266551	0.00027	0.00027	1	0.00027	1	0.00027	1	0.0014	5
profile_1 (EFL) cdd_266551	0.00027	0.00027	1	0.00027	1	0.00027	1	0.00082	3
profile_185 (EFL) cdd_266552	0.001	0.00052	1	0.00052	1	0.001	2	0.017	33
profile_262 (EFL) cdd_266551	0.00027	0.00027	1	0.00027	1	0.00027	1	0.0027	10
profile_51 (EFL) cdd_261709	0.0071	0.0071	1	0.0071	1	0.0071	1	0.0071	1
profile_49 (EFL) cdd_261709	0.0071	0.0071	1	0.0071	1	0.0071	1	0.0071	1
profile_172 (EFL) cdd_100105	0.28	0.088	5	0.088	5	0.28	16	0.68	39
profile_225 (EFL) cdd_267297	0.84	0.84	112	0.84	112	0.84	112	0.97	129
profile_205 (EFL) cdd_266551	0.00055	0.00027	1	0.00027	1	0.00055	2	0.006	22
profile_218 (EFL) cdd_266586	0.51	0.42	72	0.44	74	0.51	86	0.54	91
profile_86 (EFL) cdd_248059	0.044	0.0063	1	0.0063	1	0.044	7	0.22	35
profile_299 (EFL) cdd_264361	0.0038	0.00064	1	0.00064	1	0.0038	6	0.014	22
profile_228 (EFL) cdd_247803	0.97	0.96	671	0.97	676	0.97	677	0.98	689
profile_129 (EFL) cdd_264488	0.65	0.63	1345	0.64	1365	0.65	1385	0.68	1444
profile_111 (EFL) cdd_261709	0.0071	0.0071	1	0.0071	1	0.0071	1	0.0071	1
profile_166 (EFL) cdd_266552	0.0021	0.00052	1	0.00052	1	0.0021	4	0.0062	12
profile_216 (EFL) cdd_266551	0.00027	0.00027	1	0.00027	1	0.00027	1	0.0019	7
profile_213 (EFL) cdd_260433	0.0025	0.0015	3	0.002	4	0.0025	5	0.0034	7
profile_221 (EFL) cdd_260313	0.27	0.25	138	0.26	139	0.27	147	0.28	154
profile_107 (EFL) cdd_260235	0.001	0.00034	1	0.00034	1	0.001	3	0.029	85
profile_103 (EFL) cdd_261350	0.57	0.53	224	0.54	226	0.57	239	0.6	253
profile_224 (EFL) cdd_266669	0.72	0.39	161	0.47	197	0.72	297	0.84	349
profile_11 (EFL) cdd_263927	0.57	0.49	104	0.5	107	0.57	120	0.6	128
profile_164 (EFL) cdd_266551	0.00027	0.00027	1	0.00027	1	0.00027	1	0.00055	2
profile_55 (EFL) cdd_266485	0.00099	0.00025	1	0.00074	3	0.00099	4	0.015	62
profile_63 (EFL) cdd_238009	0.6	0.53	30	0.56	32	0.6	34	0.6	34
profile_25 (EFL) cdd_262530	0.36	0.32	63	0.32	63	0.36	72	0.39	78
profile_79 (EFL) cdd_265774	0.16	0.14	121	0.15	133	0.16	143	0.19	164
profile_87 (EFL) cdd_261709	0.0071	0.0071	1	0.0071	1	0.0071	1	0.0071	1
profile_188 (EFL) cdd_263929	0.013	0.012	13	0.012	13	0.013	14	0.014	15
profile_228 (EFL) cdd_262078	0.0045	0.0045	1	0.0045	1	0.0045	1	0.0045	1
profile_238 (EFL) cdd_119389	0.0057	0.0028	1	0.0028	1	0.0057	2	0.0057	2
profile_177 (EFL) cdd_260175	0.0083	0.0083	4	0.0083	4	0.0083	4	0.01	5
profile_242 (EFL) cdd_260247	0.002	0.001	1	0.001	1	0.002	2	0.013	13
profile_292 (EFL) cdd_266538	0.4	0.35	1155	0.38	1255	0.4	1329	0.45	1499
profile_48 (EFL) cdd_266539	0.037	0.025	22	0.025	22	0.037	32	0.053	46
profile_240 (EFL) cdd_265413	0.073	0.066	201	0.07	211	0.073	222	0.1	310
profile_271 (EFL) cdd_266551	0.00055	0.00027	1	0.00027	1	0.00055	2	0.0036	13
profile_220 (EFL) cdd_260139	0.092	0.09	85	0.091	86	0.092	87	0.096	90
profile_256 (EFL) cdd_266552	0.00052	0.00052	1	0.00052	1	0.00052	1	0.0021	4
profile_247 (EFL) cdd_261591	0.0023	0.0023	1	0.0023	1	0.0023	1	0.0069	3
profile_164 (EFL) cdd_261709	0.0071	0.0071	1	0.0071	1	0.0071	1	0.0071	1
profile_145 (EFL) cdd_266551	0.00027	0.00027	1	0.00027	1	0.00027	1	0.0019	7
profile_19 (EFL) cdd_266551	0.00027	0.00027	1	0.00027	1	0.00027	1	0.00082	3
profile_112 (EFL) cdd_261709	0.0071	0.0071	1	0.0071	1	0.0071	1	0.014	2
profile_107 (EFL) cdd_263719	0.004	0.0005	1	0.0005	1	0.004	8	0.062	125
profile_91 (EFL) cdd_260251	0.75	0.68	204	0.68	204	0.75	226	0.76	230
profile_264 (EFL) cdd_266551	0.00027	0.00027	1	0.00027	1	0.00027	1	0.00027	1
profile_224 (EFL) cdd_266574	0.0017	0.0017	1	0.0017	1	0.0017	1	0.0035	2
profile_225 (EFL) cdd_247803	0.96	0.95	664	0.96	672	0.96	675	0.98	689
profile_272 (EFL) cdd_266551	0.00082	0.00082	3	0.00082	3	0.00082	3	0.0052	19
profile_57 (EFL) cdd_263758	0.0017	0.00056	1	0.00056	1	0.0017	3	0.0045	8
profile_64 (EFL) cdd_176599	0.026	0.026	1	0.026	1	0.026	1	0.026	1
profile_228 (EFL) cdd_266485	0.00049	0.00025	1	0.00025	1	0.00049	2	0.0071	29
profile_35 (EFL) cdd_263972	0.64	0.47	681	0.57	823	0.64	933	0.73	1064
profile_298 (EFL) cdd_265436	0.037	0.012	36	0.014	42	0.037	107	0.079	230
profile_125 (EFL) cdd_261709	0.0071	0.0071	1	0.0071	1	0.0071	1	0.014	2
profile_27 (EFL) cdd_265473	0.42	0.38	130	0.42	142	0.42	145	0.5	172
profile_301 (EFL) cdd_266552	0.00052	0.00052	1	0.00052	1	0.00052	1	0.0021	4
profile_150 (EFL) cdd_261709	0.0071	0.0071	1	0.0071	1	0.0071	1	0.0071	1
profile_107 (EFL) cdd_260488	0.077	0.038	2	0.038	2	0.077	4	0.15	8
profile_63 (EFL) cdd_265651	0.00038	0.00038	1	0.00038	1	0.00038	1	0.0019	5
profile_277 (EFL) cdd_260375	0.92	0.89	144	0.89	144	0.92	148	0.93	149
profile_293 (EFL) cdd_263940	0.001	0.00017	1	0.00017	1	0.001	6	0.005	29
profile_144 (EFL) cdd_260226	0.087	0.077	15	0.077	15	0.087	17	0.092	18
profile_264 (EFL) cdd_266569	0.15	0.14	50	0.14	50	0.15	53	0.15	53
profile_294 (EFL) cdd_263508	0.004	0.004	1	0.004	1	0.004	1	0.004	1
profile_63 (EFL) cdd_263577	0.43	0.24	52	0.31	67	0.43	91	0.53	112
profile_83 (EFL) cdd_266551	0.00055	0.00027	1	0.00027	1	0.00055	2	0.0025	9
profile_107 (EFL) cdd_260377	0.011	0.00072	1	0.00072	1	0.011	16	0.1	141
profile_107 (EFL) cdd_265651	0.0027	0.00038	1	0.00038	1	0.0027	7	0.049	128
profile_70 (EFL) cdd_260179	0.03	0.0083	3	0.0083	3	0.03	11	0.069	25
profile_154 (EFL) cdd_266552	0.00052	0.00052	1	0.00052	1	0.00052	1	0.0031	6
profile_182 (EFL) cdd_260194	0.019	0.0035	2	0.0088	5	0.019	11	0.14	79
profile_86 (EFL) cdd_261368	0.022	0.0055	1	0.0055	1	0.022	4	0.25	46
profile_303 (EFL) cdd_266485	0.00074	0.00025	1	0.00025	1	0.00074	3	0.0044	18
profile_21 (EFL) cdd_238178	0.87	0.87	13	0.87	13	0.87	13	1.0	15
profile_212 (EFL) cdd_266695	0.043	0.043	3	0.043	3	0.043	3	0.043	3
profile_41 (EFL) cdd_266551	0.00027	0.00027	1	0.00027	1	0.00027	1	0.0016	6
profile_225 (EFL) cdd_264488	0.0023	0.00047	1	0.00047	1	0.0023	5	0.0085	18
profile_153 (EFL) cdd_260155	0.22	0.19	56	0.19	56	0.22	64	0.28	82
profile_56 (EFL) cdd_266551	0.00027	0.00027	1	0.00027	1	0.00027	1	0.00027	1
profile_107 (EFL) cdd_263730	0.0017	0.00021	1	0.00043	2	0.0017	8	0.027	124
profile_130 (EFL) cdd_266587	0.2	0.16	47	0.18	51	0.2	57	0.47	135
profile_86 (EFL) cdd_261300	0.0086	0.0029	6	0.0029	6	0.0086	18	0.1	210
profile_41 (EFL) cdd_261709	0.0071	0.0071	1	0.0071	1	0.0071	1	0.0071	1
profile_30 (EFL) cdd_266551	0.00027	0.00027	1	0.00027	1	0.00027	1	0.0016	6
profile_152 (EFL) cdd_213395	0.031	0.0061	2	0.0061	2	0.031	10	0.064	21
profile_198 (EFL) cdd_266526	0.00014	0.00014	1	0.00014	1	0.00014	1	0.0026	18
profile_234 (EFL) cdd_266551	0.00082	0.00027	1	0.00027	1	0.00082	3	0.019	68
profile_34 (EFL) cdd_261709	0.0071	0.0071	1	0.0071	1	0.0071	1	0.0071	1
profile_184 (EFL) cdd_266552	0.00052	0.00052	1	0.00052	1	0.00052	1	0.00052	1
profile_235 (EFL) cdd_266580	0.65	0.4	995	0.5	1241	0.65	1618	0.86	2146
profile_258 (EFL) cdd_267297	0.19	0.17	23	0.17	23	0.19	25	0.19	25
profile_260 (EFL) cdd_266552	0.00052	0.00052	1	0.00052	1	0.00052	1	0.00052	1
profile_38 (EFL) cdd_264347	0.00027	0.00027	1	0.00027	1	0.00027	1	0.0014	5
profile_244 (EFL) cdd_260370	0.017	0.014	9	0.016	10	0.017	11	0.025	16
profile_147 (EFL) cdd_266580	0.74	0.49	1218	0.6	1511	0.74	1865	0.84	2103
profile_242 (EFL) cdd_238113	0.97	0.96	170	0.97	171	0.97	171	0.98	173
profile_182 (EFL) cdd_260163	0.0085	0.0071	5	0.0071	5	0.0085	6	0.026	18
profile_27 (EFL) cdd_267447	0.17	0.17	4	0.17	4	0.17	4	0.78	18
profile_296 (EFL) cdd_266552	0.00052	0.00052	1	0.00052	1	0.00052	1	0.0041	8
profile_202 (EFL) cdd_264356	0.049	0.026	9	0.026	9	0.049	17	0.052	18
profile_107 (EFL) cdd_266526	0.005	0.00043	3	0.00057	4	0.005	35	0.069	484
profile_38 (EFL) cdd_266502	0.001	0.00051	1	0.00051	1	0.001	2	0.0021	4
profile_281 (EFL) cdd_266546	0.24	0.2	105	0.21	109	0.24	126	0.32	166
profile_86 (EFL) cdd_266508	0.0051	0.00057	1	0.0017	3	0.0051	9	0.1	178
profile_127 (EFL) cdd_266551	0.00027	0.00027	1	0.00027	1	0.00027	1	0.0016	6
profile_94 (EFL) cdd_260363	0.76	0.72	133	0.72	134	0.76	142	0.78	146
profile_272 (EFL) cdd_266526	0.00014	0.00014	1	0.00014	1	0.00014	1	0.00029	2
profile_120 (EFL) cdd_266613	0.45	0.4	17	0.4	17	0.45	19	0.48	20
profile_287 (EFL) cdd_266551	0.00027	0.00027	1	0.00027	1	0.00027	1	0.00082	3
profile_225 (EFL) cdd_260251	0.0033	0.0033	1	0.0033	1	0.0033	1	0.0033	1
profile_123 (EFL) cdd_263925	0.00033	0.00033	1	0.00033	1	0.00033	1	0.0047	14
profile_246 (EFL) cdd_261339	0.0026	0.0013	1	0.0013	1	0.0026	2	0.004	3
profile_114 (EFL) cdd_266552	0.00052	0.00052	1	0.00052	1	0.00052	1	0.0016	3
profile_232 (EFL) cdd_260768	0.0068	0.00097	1	0.00097	1	0.0068	7	0.036	37
profile_38 (EFL) cdd_247903	0.92	0.7	71	0.73	74	0.92	94	0.93	95
profile_227 (EFL) cdd_260331	0.0076	0.0027	6	0.0045	10	0.0076	17	0.021	47
profile_214 (EFL) cdd_267460	0.002	0.00066	1	0.00066	1	0.002	3	0.0079	12
profile_86 (EFL) cdd_260873	0.023	0.0021	1	0.0021	1	0.023	11	0.096	45
profile_185 (EFL) cdd_260427	0.0052	0.00058	1	0.00058	1	0.0052	9	0.036	62
profile_200 (EFL) cdd_263730	0.00021	0.00021	1	0.00021	1	0.00021	1	0.00021	1
profile_86 (EFL) cdd_260427	0.0098	0.00058	1	0.00058	1	0.0098	17	0.12	210
profile_76 (EFL) cdd_266551	0.00027	0.00027	1	0.00027	1	0.00027	1	0.003	11
profile_160 (EFL) cdd_266552	0.00052	0.00052	1	0.00052	1	0.00052	1	0.00052	1
profile_183 (EFL) cdd_266551	0.00027	0.00027	1	0.00027	1	0.00027	1	0.00055	2
profile_107 (EFL) cdd_260155	0.0068	0.0034	1	0.0034	1	0.0068	2	0.051	15
profile_294 (EFL) cdd_238006	0.89	0.89	90	0.89	90	0.89	90	0.91	92
profile_107 (EFL) cdd_260326	0.033	0.0083	1	0.0083	1	0.033	4	0.15	18
cdd_261334 (SCOP) scop_48370	0.58	0.0	0	0.0	0	0.0	0	0.0	0
cdd_247903 (SCOP) scop_55485	0.17	0.0	0	0.0	0	0.0	0	0.0	0
cdd_260768 (SCOP) scop_52171	0.9	0.0	0	0.0	0	0.0	0	0.0	0
cdd_266669 (SCOP) scop_46688	0.32	0.0	0	0.0	0	0.0	0	0.0	0
cdd_153432 (SCOP) scop_49898	1.0	0.0	0	0.0	0	0.0	0	0.0	0
cdd_267297 (SCOP) scop_52539	0.46	0.0	0	0.0	0	0.0	0	0.0	0
cdd_267298 (SCOP) scop_53382	1.0	0.0	0	0.0	0	0.0	0	0.0	0
cdd_266502 (SCOP) scop_53066	1.0	0.0	0	0.0	0	0.0	0	0.0	0
cdd_263718 (SCOP) scop_63816	0.8	0.0	0	0.0	0	0.0	0	0.0	0
cdd_243239 (SCOP) scop_82614	0.41	0.0	0	0.0	0	0.0	0	0.0	0
cdd_260137 (SCOP) scop_51068	1.0	0.0	0	0.0	0	0.0	0	0.0	0
cdd_261674 (SCOP) scop_56058	1.0	0.0	0	0.0	0	0.0	0	0.0	0
cdd_265771 (SCOP) scop_47768	0.33	0.0	0	0.0	0	0.0	0	0.0	0
cdd_265774 (SCOP) scop_52095	0.77	0.0	0	0.0	0	0.0	0	0.0	0
cdd_119389 (SCOP) scop_56783	0.43	0.0	0	0.0	0	0.0	0	0.0	0
cdd_260145 (SCOP) scop_47575	0.42	0.0	0	0.0	0	0.0	0	0.0	0
cdd_263730 (SCOP) scop_54861	0.34	0.0	0	0.0	0	0.0	0	0.0	0
cdd_265651 (SCOP) scop_56023	0.82	0.0	0	0.0	0	0.0	0	0.0	0
cdd_263945 (SCOP) scop_52489	1.0	0.0	0	0.0	0	0.0	0	0.0	0
cdd_263945 (SCOP) scop_55297	0.87	0.0	0	0.0	0	0.0	0	0.0	0
cdd_260152 (SCOP) scop_57534	0.22	0.0	0	0.0	0	0.0	0	0.0	0
cdd_260155 (SCOP) scop_51181	0.47	0.0	0	0.0	0	0.0	0	0.0	0
cdd_260156 (SCOP) scop_49853	0.52	0.0	0	0.0	0	0.0	0	0.0	0
cdd_260159 (SCOP) scop_52798	0.51	0.0	0	0.0	0	0.0	0	0.0	0
cdd_260163 (SCOP) scop_53299	1.0	0.0	0	0.0	0	0.0	0	0.0	0
cdd_260163 (SCOP) scop_57015	0.087	0.0	0	0.0	0	0.0	0	0.0	0
cdd_238006 (SCOP) scop_52798	1.0	0.0	0	0.0	0	0.0	0	0.0	0
cdd_260167 (SCOP) scop_55485	0.87	0.0	0	0.0	0	0.0	0	0.0	0
cdd_260683 (SCOP) scop_48725	0.59	0.0	0	0.0	0	0.0	0	0.0	0
cdd_212556 (SCOP) scop_46688	0.081	0.0	0	0.0	0	0.0	0	0.0	0
cdd_261709 (SCOP) scop_49898	0.79	0.0	0	0.0	0	0.0	0	0.0	0
cdd_212558 (SCOP) scop_46688	0.19	0.0	0	0.0	0	0.0	0	0.0	0
cdd_260175 (SCOP) scop_55873	0.43	0.0	0	0.0	0	0.0	0	0.0	0
cdd_261304 (SCOP) scop_48365	1.0	0.0	0	0.0	0	0.0	0	0.0	0
cdd_260179 (SCOP) scop_47094	0.31	0.0	0	0.0	0	0.0	0	0.0	0
cdd_260181 (SCOP) scop_46688	0.29	0.0	0	0.0	0	0.0	0	0.0	0
cdd_260185 (SCOP) scop_54059	0.78	0.0	0	0.0	0	0.0	0	0.0	0
cdd_260187 (SCOP) scop_46688	0.45	0.0	0	0.0	0	0.0	0	0.0	0
cdd_260188 (SCOP) scop_100894	0.19	0.0	0	0.0	0	0.0	0	0.0	0
cdd_260188 (SCOP) scop_57015	0.06	0.0	0	0.0	0	0.0	0	0.0	0
cdd_260189 (SCOP) scop_54805	0.45	0.0	0	0.0	0	0.0	0	0.0	0
cdd_260339 (SCOP) scop_53789	0.97	0.0	0	0.0	0	0.0	0	0.0	0
cdd_260196 (SCOP) scop_54105	0.16	0.0	0	0.0	0	0.0	0	0.0	0
cdd_265440 (SCOP) scop_49993	1.0	0.0	0	0.0	0	0.0	0	0.0	0
cdd_266613 (SCOP) scop_48612	0.75	0.0	0	0.0	0	0.0	0	0.0	0
cdd_260201 (SCOP) scop_50155	0.34	0.0	0	0.0	0	0.0	0	0.0	0
cdd_260455 (SCOP) scop_52140	0.97	0.0	0	0.0	0	0.0	0	0.0	0
cdd_261741 (SCOP) scop_55485	0.62	0.0	0	0.0	0	0.0	0	0.0	0
cdd_260207 (SCOP) scop_100877	1.0	0.0	0	0.0	0	0.0	0	0.0	0
cdd_260363 (SCOP) scop_54861	0.67	0.0	0	0.0	0	0.0	0	0.0	0
cdd_187839 (SCOP) scop_52539	0.12	0.0	0	0.0	0	0.0	0	0.0	0
cdd_260138 (SCOP) scop_48556	1.0	0.0	0	0.0	0	0.0	0	0.0	0
cdd_260226 (SCOP) scop_54235	0.35	0.0	0	0.0	0	0.0	0	0.0	0
cdd_260227 (SCOP) scop_51160	0.96	0.0	0	0.0	0	0.0	0	0.0	0
cdd_267400 (SCOP) scop_81602	0.038	0.0	0	0.0	0	0.0	0	0.0	0
cdd_260235 (SCOP) scop_49763	0.43	0.0	0	0.0	0	0.0	0	0.0	0
cdd_260205 (SCOP) scop_52820	0.51	0.0	0	0.0	0	0.0	0	0.0	0
cdd_267411 (SCOP) scop_53648	1.0	0.0	0	0.0	0	0.0	0	0.0	0
cdd_238178 (SCOP) scop_52934	0.55	0.0	0	0.0	0	0.0	0	0.0	0
cdd_238178 (SCOP) scop_51350	1.0	0.0	0	0.0	0	0.0	0	0.0	0
cdd_238178 (SCOP) scop_50799	0.32	0.0	0	0.0	0	0.0	0	0.0	0
cdd_260247 (SCOP) scop_53612	1.0	0.0	0	0.0	0	0.0	0	0.0	0
cdd_267417 (SCOP) scop_57015	0.092	0.0	0	0.0	0	0.0	0	0.0	0
cdd_264346 (SCOP) scop_53162	1.0	0.0	0	0.0	0	0.0	0	0.0	0
cdd_264347 (SCOP) scop_53447	1.0	0.0	0	0.0	0	0.0	0	0.0	0
cdd_267420 (SCOP) scop_49784	0.6	0.0	0	0.0	0	0.0	0	0.0	0
cdd_264349 (SCOP) scop_52150	1.0	0.0	0	0.0	0	0.0	0	0.0	0
cdd_264350 (SCOP) scop_48507	0.88	0.0	0	0.0	0	0.0	0	0.0	0
cdd_264352 (SCOP) scop_53253	0.88	0.0	0	0.0	0	0.0	0	0.0	0
cdd_264353 (SCOP) scop_51350	1.0	0.0	0	0.0	0	0.0	0	0.0	0
cdd_264354 (SCOP) scop_50629	1.0	0.0	0	0.0	0	0.0	0	0.0	0
cdd_264355 (SCOP) scop_51229	0.42	0.0	0	0.0	0	0.0	0	0.0	0
cdd_264356 (SCOP) scop_56552	0.5	0.0	0	0.0	0	0.0	0	0.0	0
cdd_264356 (SCOP) scop_55247	0.38	0.0	0	0.0	0	0.0	0	0.0	0
cdd_260261 (SCOP) scop_54861	0.26	0.0	0	0.0	0	0.0	0	0.0	0
cdd_260262 (SCOP) scop_55894	0.83	0.0	0	0.0	0	0.0	0	0.0	0
cdd_238247 (SCOP) scop_53162	1.0	0.0	0	0.0	0	0.0	0	0.0	0
cdd_238247 (SCOP) scop_52948	0.44	0.0	0	0.0	0	0.0	0	0.0	0
cdd_261289 (SCOP) scop_49598	0.57	0.0	0	0.0	0	0.0	0	0.0	0
cdd_261289 (SCOP) scop_57943	0.17	0.0	0	0.0	0	0.0	0	0.0	0
cdd_260269 (SCOP) scop_53773	1.0	0.0	0	0.0	0	0.0	0	0.0	0
cdd_260269 (SCOP) scop_50181	0.16	0.0	0	0.0	0	0.0	0	0.0	0
cdd_260271 (SCOP) scop_49898	0.93	0.0	0	0.0	0	0.0	0	0.0	0
cdd_260274 (SCOP) scop_47026	0.37	0.0	0	0.0	0	0.0	0	0.0	0
cdd_260275 (SCOP) scop_53954	1.0	0.0	0	0.0	0	0.0	0	0.0	0
cdd_261300 (SCOP) scop_57715	0.14	0.0	0	0.0	0	0.0	0	0.0	0
cdd_260278 (SCOP) scop_53589	1.0	0.0	0	0.0	0	0.0	0	0.0	0
cdd_267447 (SCOP) scop_53473	1.0	0.0	0	0.0	0	0.0	0	0.0	0
cdd_260280 (SCOP) scop_54196	0.75	0.0	0	0.0	0	0.0	0	0.0	0
cdd_267449 (SCOP) scop_51350	1.0	0.0	0	0.0	0	0.0	0	0.0	0
cdd_267450 (SCOP) scop_55830	1.0	0.0	0	0.0	0	0.0	0	0.0	0
cdd_260285 (SCOP) scop_54861	0.58	0.0	0	0.0	0	0.0	0	0.0	0
cdd_267455 (SCOP) scop_46457	0.18	0.0	0	0.0	0	0.0	0	0.0	0
cdd_267455 (SCOP) scop_56820	1.0	0.0	0	0.0	0	0.0	0	0.0	0
cdd_260291 (SCOP) scop_51125	1.0	0.0	0	0.0	0	0.0	0	0.0	0
cdd_267460 (SCOP) scop_54712	0.5	0.0	0	0.0	0	0.0	0	0.0	0
cdd_265413 (SCOP) scop_56299	1.0	0.0	0	0.0	0	0.0	0	0.0	0
cdd_260295 (SCOP) scop_52334	0.77	0.0	0	0.0	0	0.0	0	0.0	0
cdd_263719 (SCOP) scop_48725	0.49	0.0	0	0.0	0	0.0	0	0.0	0
cdd_211413 (SCOP) scop_53334	0.14	0.0	0	0.0	0	0.0	0	0.0	0
cdd_263543 (SCOP) scop_52008	0.81	0.0	0	0.0	0	0.0	0	0.0	0
cdd_265762 (SCOP) scop_57491	0.11	0.0	0	0.0	0	0.0	0	0.0	0
cdd_265762 (SCOP) scop_50964	1.0	0.0	0	0.0	0	0.0	0	0.0	0
cdd_260302 (SCOP) scop_53066	0.4	0.0	0	0.0	0	0.0	0	0.0	0
cdd_261325 (SCOP) scop_52095	0.84	0.0	0	0.0	0	0.0	0	0.0	0
cdd_260305 (SCOP) scop_47728	0.36	0.0	0	0.0	0	0.0	0	0.0	0
cdd_260306 (SCOP) scop_69064	0.59	0.0	0	0.0	0	0.0	0	0.0	0
cdd_260308 (SCOP) scop_50614	0.62	0.0	0	0.0	0	0.0	0	0.0	0
cdd_260308 (SCOP) scop_51350	1.0	0.0	0	0.0	0	0.0	0	0.0	0
cdd_263924 (SCOP) scop_81877	0.53	0.0	0	0.0	0	0.0	0	0.0	0
cdd_263924 (SCOP) scop_50198	0.74	0.0	0	0.0	0	0.0	0	0.0	0
cdd_260310 (SCOP) scop_55619	0.88	0.0	0	0.0	0	0.0	0	0.0	0
cdd_260311 (SCOP) scop_47239	1.0	0.0	0	0.0	0	0.0	0	0.0	0
cdd_265432 (SCOP) scop_49379	0.45	0.0	0	0.0	0	0.0	0	0.0	0
cdd_261337 (SCOP) scop_54000	1.0	0.0	0	0.0	0	0.0	0	0.0	0
cdd_261337 (SCOP) scop_57849	0.23	0.0	0	0.0	0	0.0	0	0.0	0
cdd_260314 (SCOP) scop_53926	0.52	0.0	0	0.0	0	0.0	0	0.0	0
cdd_260315 (SCOP) scop_53794	1.0	0.0	0	0.0	0	0.0	0	0.0	0
cdd_260315 (SCOP) scop_68922	1.0	0.0	0	0.0	0	0.0	0	0.0	0
cdd_265436 (SCOP) scop_54592	0.73	0.0	0	0.0	0	0.0	0	0.0	0
cdd_260317 (SCOP) scop_81443	1.0	0.0	0	0.0	0	0.0	0	0.0	0
cdd_265439 (SCOP) scop_50933	1.0	0.0	0	0.0	0	0.0	0	0.0	0
cdd_267315 (SCOP) scop_51350	1.0	0.0	0	0.0	0	0.0	0	0.0	0
cdd_260323 (SCOP) scop_51337	0.72	0.0	0	0.0	0	0.0	0	0.0	0
cdd_260323 (SCOP) scop_51350	1.0	0.0	0	0.0	0	0.0	0	0.0	0
cdd_261350 (SCOP) scop_48349	0.99	0.0	0	0.0	0	0.0	0	0.0	0
cdd_260327 (SCOP) scop_52539	1.0	0.0	0	0.0	0	0.0	0	0.0	0
cdd_260329 (SCOP) scop_56654	1.0	0.0	0	0.0	0	0.0	0	0.0	0
cdd_265450 (SCOP) scop_53066	1.0	0.0	0	0.0	0	0.0	0	0.0	0
cdd_265450 (SCOP) scop_56671	0.38	0.0	0	0.0	0	0.0	0	0.0	0
cdd_260331 (SCOP) scop_69863	1.0	0.0	0	0.0	0	0.0	0	0.0	0
cdd_260331 (SCOP) scop_52373	1.0	0.0	0	0.0	0	0.0	0	0.0	0
cdd_260331 (SCOP) scop_54805	0.57	0.0	0	0.0	0	0.0	0	0.0	0
cdd_260873 (SCOP) scop_56746	1.0	0.0	0	0.0	0	0.0	0	0.0	0
cdd_260334 (SCOP) scop_55199	0.28	0.0	0	0.0	0	0.0	0	0.0	0
cdd_263920 (SCOP) scop_56111	1.0	0.0	0	0.0	0	0.0	0	0.0	0
cdd_263922 (SCOP) scop_53705	1.0	0.0	0	0.0	0	0.0	0	0.0	0
cdd_263923 (SCOP) scop_50684	0.59	0.0	0	0.0	0	0.0	0	0.0	0
cdd_265460 (SCOP) scop_47768	0.33	0.0	0	0.0	0	0.0	0	0.0	0
cdd_263925 (SCOP) scop_53334	0.037	0.0	0	0.0	0	0.0	0	0.0	0
cdd_263925 (SCOP) scop_51734	1.0	0.0	0	0.0	0	0.0	0	0.0	0
cdd_260342 (SCOP) scop_53270	0.43	0.0	0	0.0	0	0.0	0	0.0	0
cdd_263927 (SCOP) scop_47363	0.7	0.0	0	0.0	0	0.0	0	0.0	0
cdd_263927 (SCOP) scop_56644	1.0	0.0	0	0.0	0	0.0	0	0.0	0
cdd_266488 (SCOP) scop_48536	0.81	0.0	0	0.0	0	0.0	0	0.0	0
cdd_263929 (SCOP) scop_53900	1.0	0.0	0	0.0	0	0.0	0	0.0	0
cdd_263931 (SCOP) scop_57015	0.12	0.0	0	0.0	0	0.0	0	0.0	0
cdd_261372 (SCOP) scop_49898	0.81	0.0	0	0.0	0	0.0	0	0.0	0
cdd_260349 (SCOP) scop_52120	0.66	0.0	0	0.0	0	0.0	0	0.0	0
cdd_265470 (SCOP) scop_46688	0.021	0.0	0	0.0	0	0.0	0	0.0	0
cdd_265470 (SCOP) scop_53162	1.0	0.0	0	0.0	0	0.0	0	0.0	0
cdd_265470 (SCOP) scop_54861	0.7	0.0	0	0.0	0	0.0	0	0.0	0
cdd_265470 (SCOP) scop_50614	0.46	0.0	0	0.0	0	0.0	0	0.0	0
cdd_259839 (SCOP) scop_48033	0.021	0.0	0	0.0	0	0.0	0	0.0	0
cdd_266496 (SCOP) scop_52767	1.0	0.0	0	0.0	0	0.0	0	0.0	0
cdd_265473 (SCOP) scop_53473	1.0	0.0	0	0.0	0	0.0	0	0.0	0
cdd_266498 (SCOP) scop_48370	0.51	0.0	0	0.0	0	0.0	0	0.0	0
cdd_260139 (SCOP) scop_88696	0.58	0.0	0	0.0	0	0.0	0	0.0	0
cdd_260139 (SCOP) scop_55728	0.12	0.0	0	0.0	0	0.0	0	0.0	0
cdd_260139 (SCOP) scop_50412	0.031	0.0	0	0.0	0	0.0	0	0.0	0
cdd_260139 (SCOP) scop_52373	1.0	0.0	0	0.0	0	0.0	0	0.0	0
cdd_263940 (SCOP) scop_53821	1.0	0.0	0	0.0	0	0.0	0	0.0	0
cdd_265430 (SCOP) scop_49561	0.58	0.0	0	0.0	0	0.0	0	0.0	0
cdd_263942 (SCOP) scop_53755	1.0	0.0	0	0.0	0	0.0	0	0.0	0
cdd_263943 (SCOP) scop_52787	0.43	0.0	0	0.0	0	0.0	0	0.0	0
cdd_263944 (SCOP) scop_55297	0.64	0.0	0	0.0	0	0.0	0	0.0	0
cdd_100105 (SCOP) scop_51350	0.53	0.0	0	0.0	0	0.0	0	0.0	0
cdd_263946 (SCOP) scop_55297	0.49	0.0	0	0.0	0	0.0	0	0.0	0
cdd_263946 (SCOP) scop_56041	0.71	0.0	0	0.0	0	0.0	0	0.0	0
cdd_261591 (SCOP) scop_55665	0.35	0.0	0	0.0	0	0.0	0	0.0	0
cdd_261591 (SCOP) scop_54210	0.65	0.0	0	0.0	0	0.0	0	0.0	0
cdd_266508 (SCOP) scop_56800	1.0	0.0	0	0.0	0	0.0	0	0.0	0
cdd_266626 (SCOP) scop_46688	0.19	0.0	0	0.0	0	0.0	0	0.0	0
cdd_260366 (SCOP) scop_51350	1.0	0.0	0	0.0	0	0.0	0	0.0	0
cdd_260367 (SCOP) scop_100949	1.0	0.0	0	0.0	0	0.0	0	0.0	0
cdd_260367 (SCOP) scop_54861	0.31	0.0	0	0.0	0	0.0	0	0.0	0
cdd_238353 (SCOP) scop_64483	1.0	0.0	0	0.0	0	0.0	0	0.0	0
cdd_260370 (SCOP) scop_53685	1.0	0.0	0	0.0	0	0.0	0	0.0	0
cdd_266516 (SCOP) scop_51988	0.75	0.0	0	0.0	0	0.0	0	0.0	0
cdd_266542 (SCOP) scop_51988	1.0	0.0	0	0.0	0	0.0	0	0.0	0
cdd_260375 (SCOP) scop_53162	0.77	0.0	0	0.0	0	0.0	0	0.0	0
cdd_261400 (SCOP) scop_100938	1.0	0.0	0	0.0	0	0.0	0	0.0	0
cdd_260377 (SCOP) scop_50036	0.28	0.0	0	0.0	0	0.0	0	0.0	0
cdd_261369 (SCOP) scop_57769	0.24	0.0	0	0.0	0	0.0	0	0.0	0
cdd_266524 (SCOP) scop_54861	0.37	0.0	0	0.0	0	0.0	0	0.0	0
cdd_266525 (SCOP) scop_52539	1.0	0.0	0	0.0	0	0.0	0	0.0	0
cdd_266525 (SCOP) scop_47894	0.52	0.0	0	0.0	0	0.0	0	0.0	0
cdd_266526 (SCOP) scop_50728	0.8	0.0	0	0.0	0	0.0	0	0.0	0
cdd_266526 (SCOP) scop_49561	0.056	0.0	0	0.0	0	0.0	0	0.0	0
cdd_266526 (SCOP) scop_47026	0.19	0.0	0	0.0	0	0.0	0	0.0	0
cdd_266526 (SCOP) scop_48064	0.046	0.0	0	0.0	0	0.0	0	0.0	0
cdd_266526 (SCOP) scop_52798	0.16	0.0	0	0.0	0	0.0	0	0.0	0
cdd_266528 (SCOP) scop_53334	0.4	0.0	0	0.0	0	0.0	0	0.0	0
cdd_263971 (SCOP) scop_51350	0.79	0.0	0	0.0	0	0.0	0	0.0	0
cdd_263972 (SCOP) scop_52742	1.0	0.0	0	0.0	0	0.0	0	0.0	0
cdd_266533 (SCOP) scop_51350	1.0	0.0	0	0.0	0	0.0	0	0.0	0
cdd_266534 (SCOP) scop_55728	0.25	0.0	0	0.0	0	0.0	0	0.0	0
cdd_264487 (SCOP) scop_48725	0.56	0.0	0	0.0	0	0.0	0	0.0	0
cdd_264488 (SCOP) scop_53719	1.0	0.0	0	0.0	0	0.0	0	0.0	0
cdd_266538 (SCOP) scop_51350	1.0	0.0	0	0.0	0	0.0	0	0.0	0
cdd_266539 (SCOP) scop_51350	1.0	0.0	0	0.0	0	0.0	0	0.0	0
cdd_266540 (SCOP) scop_54825	0.62	0.0	0	0.0	0	0.0	0	0.0	0
cdd_266540 (SCOP) scop_51350	1.0	0.0	0	0.0	0	0.0	0	0.0	0
cdd_266541 (SCOP) scop_52539	0.67	0.0	0	0.0	0	0.0	0	0.0	0
cdd_260398 (SCOP) scop_52832	0.81	0.0	0	0.0	0	0.0	0	0.0	0
cdd_260398 (SCOP) scop_54402	0.15	0.0	0	0.0	0	0.0	0	0.0	0
cdd_260399 (SCOP) scop_53696	0.78	0.0	0	0.0	0	0.0	0	0.0	0
cdd_260279 (SCOP) scop_49776	0.6	0.0	0	0.0	0	0.0	0	0.0	0
cdd_266546 (SCOP) scop_51734	0.71	0.0	0	0.0	0	0.0	0	0.0	0
cdd_266546 (SCOP) scop_56326	0.99	0.0	0	0.0	0	0.0	0	0.0	0
cdd_266547 (SCOP) scop_69571	1.0	0.0	0	0.0	0	0.0	0	0.0	0
cdd_266551 (SCOP) scop_52539	1.0	0.0	0	0.0	0	0.0	0	0.0	0
cdd_266552 (SCOP) scop_52539	1.0	0.0	0	0.0	0	0.0	0	0.0	0
cdd_261433 (SCOP) scop_48725	0.49	0.0	0	0.0	0	0.0	0	0.0	0
cdd_260313 (SCOP) scop_55680	1.0	0.0	0	0.0	0	0.0	0	0.0	0
cdd_264507 (SCOP) scop_116747	0.84	0.0	0	0.0	0	0.0	0	0.0	0
cdd_264509 (SCOP) scop_56058	0.66	0.0	0	0.0	0	0.0	0	0.0	0
cdd_264509 (SCOP) scop_54861	0.028	0.0	0	0.0	0	0.0	0	0.0	0
cdd_260415 (SCOP) scop_142337	1.0	0.0	0	0.0	0	0.0	0	0.0	0
cdd_264512 (SCOP) scop_47322	0.69	0.0	0	0.0	0	0.0	0	0.0	0
cdd_264512 (SCOP) scop_52373	0.058	0.0	0	0.0	0	0.0	0	0.0	0
cdd_266561 (SCOP) scop_109603	0.33	0.0	0	0.0	0	0.0	0	0.0	0
cdd_261442 (SCOP) scop_47615	0.6	0.0	0	0.0	0	0.0	0	0.0	0
cdd_261443 (SCOP) scop_52008	0.92	0.0	0	0.0	0	0.0	0	0.0	0
cdd_261443 (SCOP) scop_54848	0.32	0.0	0	0.0	0	0.0	0	0.0	0
cdd_261443 (SCOP) scop_48591	1.0	0.0	0	0.0	0	0.0	0	0.0	0
cdd_266564 (SCOP) scop_46688	0.34	0.0	0	0.0	0	0.0	0	0.0	0
cdd_260194 (SCOP) scop_57423	0.14	0.0	0	0.0	0	0.0	0	0.0	0
cdd_197448 (SCOP) scop_50938	0.043	0.0	0	0.0	0	0.0	0	0.0	0
cdd_197448 (SCOP) scop_50964	0.032	0.0	0	0.0	0	0.0	0	0.0	0
cdd_266569 (SCOP) scop_53222	0.03	0.0	0	0.0	0	0.0	0	0.0	0
cdd_266569 (SCOP) scop_51734	1.0	0.0	0	0.0	0	0.0	0	0.0	0
cdd_266569 (SCOP) scop_54861	0.52	0.0	0	0.0	0	0.0	0	0.0	0
cdd_264522 (SCOP) scop_116914	0.28	0.0	0	0.0	0	0.0	0	0.0	0
cdd_260427 (SCOP) scop_55810	0.6	0.0	0	0.0	0	0.0	0	0.0	0
cdd_153420 (SCOP) scop_48370	1.0	0.0	0	0.0	0	0.0	0	0.0	0
cdd_266574 (SCOP) scop_54210	0.21	0.0	0	0.0	0	0.0	0	0.0	0
cdd_266574 (SCOP) scop_52539	1.0	0.0	0	0.0	0	0.0	0	0.0	0
cdd_266574 (SCOP) scop_51229	0.02	0.0	0	0.0	0	0.0	0	0.0	0
cdd_266574 (SCOP) scop_54751	0.24	0.0	0	0.0	0	0.0	0	0.0	0
cdd_260432 (SCOP) scop_81346	0.027	0.0	0	0.0	0	0.0	0	0.0	0
cdd_260433 (SCOP) scop_161069	1.0	0.0	0	0.0	0	0.0	0	0.0	0
cdd_266579 (SCOP) scop_57849	0.2	0.0	0	0.0	0	0.0	0	0.0	0
cdd_266580 (SCOP) scop_52171	1.0	0.0	0	0.0	0	0.0	0	0.0	0
cdd_266580 (SCOP) scop_51734	0.78	0.0	0	0.0	0	0.0	0	0.0	0
cdd_263509 (SCOP) scop_51010	0.046	0.0	0	0.0	0	0.0	0	0.0	0
cdd_263509 (SCOP) scop_51350	1.0	0.0	0	0.0	0	0.0	0	0.0	0
cdd_261449 (SCOP) scop_50412	0.43	0.0	0	0.0	0	0.0	0	0.0	0
cdd_266583 (SCOP) scop_54790	0.32	0.0	0	0.0	0	0.0	0	0.0	0
cdd_261464 (SCOP) scop_48033	0.43	0.0	0	0.0	0	0.0	0	0.0	0
cdd_261464 (SCOP) scop_55930	1.0	0.0	0	0.0	0	0.0	0	0.0	0
cdd_266586 (SCOP) scop_46688	0.19	0.0	0	0.0	0	0.0	0	0.0	0
cdd_266587 (SCOP) scop_52539	0.86	0.0	0	0.0	0	0.0	0	0.0	0
cdd_263758 (SCOP) scop_103472	0.022	0.0	0	0.0	0	0.0	0	0.0	0
cdd_260963 (SCOP) scop_46688	0.35	0.0	0	0.0	0	0.0	0	0.0	0
cdd_260326 (SCOP) scop_53731	1.0	0.0	0	0.0	0	0.0	0	0.0	0
cdd_260454 (SCOP) scop_74981	0.54	0.0	0	0.0	0	0.0	0	0.0	0
cdd_266599 (SCOP) scop_56111	1.0	0.0	0	0.0	0	0.0	0	0.0	0
cdd_260458 (SCOP) scop_56218	1.0	0.0	0	0.0	0	0.0	0	0.0	0
cdd_261488 (SCOP) scop_56795	1.0	0.0	0	0.0	0	0.0	0	0.0	0
cdd_241902 (SCOP) scop_51268	0.39	0.0	0	0.0	0	0.0	0	0.0	0
cdd_213395 (SCOP) scop_46556	0.047	0.0	0	0.0	0	0.0	0	0.0	0
cdd_213395 (SCOP) scop_51343	0.32	0.0	0	0.0	0	0.0	0	0.0	0
cdd_260469 (SCOP) scop_54636	0.57	0.0	0	0.0	0	0.0	0	0.0	0
cdd_263542 (SCOP) scop_54861	0.6	0.0	0	0.0	0	0.0	0	0.0	0
cdd_263542 (SCOP) scop_51350	1.0	0.0	0	0.0	0	0.0	0	0.0	0
cdd_264492 (SCOP) scop_54861	0.8	0.0	0	0.0	0	0.0	0	0.0	0
cdd_262530 (SCOP) scop_48618	0.51	0.0	0	0.0	0	0.0	0	0.0	0
cdd_266630 (SCOP) scop_46688	0.48	0.0	0	0.0	0	0.0	0	0.0	0
cdd_261441 (SCOP) scop_53799	1.0	0.0	0	0.0	0	0.0	0	0.0	0
cdd_260488 (SCOP) scop_51350	1.0	0.0	0	0.0	0	0.0	0	0.0	0
cdd_187786 (SCOP) scop_46688	0.14	0.0	0	0.0	0	0.0	0	0.0	0
cdd_261004 (SCOP) scop_55485	0.44	0.0	0	0.0	0	0.0	0	0.0	0
cdd_261518 (SCOP) scop_55297	0.48	0.0	0	0.0	0	0.0	0	0.0	0
cdd_260496 (SCOP) scop_51268	0.27	0.0	0	0.0	0	0.0	0	0.0	0
cdd_246675 (SCOP) scop_51350	1.0	0.0	0	0.0	0	0.0	0	0.0	0
cdd_266645 (SCOP) scop_46688	0.4	0.0	0	0.0	0	0.0	0	0.0	0
cdd_261339 (SCOP) scop_47363	0.46	0.0	0	0.0	0	0.0	0	0.0	0
cdd_263577 (SCOP) scop_47472	0.3	0.0	0	0.0	0	0.0	0	0.0	0
cdd_213405 (SCOP) scop_48370	0.42	0.0	0	0.0	0	0.0	0	0.0	0
cdd_261022 (SCOP) scop_52517	1.0	0.0	0	0.0	0	0.0	0	0.0	0
cdd_260251 (SCOP) scop_48112	1.0	0.0	0	0.0	0	0.0	0	0.0	0
cdd_263080 (SCOP) scop_50412	0.94	0.0	0	0.0	0	0.0	0	0.0	0
cdd_263080 (SCOP) scop_52342	0.58	0.0	0	0.0	0	0.0	0	0.0	0
cdd_265458 (SCOP) scop_47768	0.1	0.0	0	0.0	0	0.0	0	0.0	0
cdd_265458 (SCOP) scop_88722	0.72	0.0	0	0.0	0	0.0	0	0.0	0
cdd_261038 (SCOP) scop_53849	1.0	0.0	0	0.0	0	0.0	0	0.0	0
cdd_241585 (SCOP) scop_57015	0.14	0.0	0	0.0	0	0.0	0	0.0	0
cdd_266674 (SCOP) scop_53596	0.71	0.0	0	0.0	0	0.0	0	0.0	0
cdd_265459 (SCOP) scop_63736	0.75	0.0	0	0.0	0	0.0	0	0.0	0
cdd_265459 (SCOP) scop_55485	1.0	0.0	0	0.0	0	0.0	0	0.0	0
cdd_260534 (SCOP) scop_81453	0.026	0.0	0	0.0	0	0.0	0	0.0	0
cdd_265655 (SCOP) scop_49379	0.041	0.0	0	0.0	0	0.0	0	0.0	0
cdd_265655 (SCOP) scop_55549	0.48	0.0	0	0.0	0	0.0	0	0.0	0
cdd_238008 (SCOP) scop_47472	0.27	0.0	0	0.0	0	0.0	0	0.0	0
cdd_238009 (SCOP) scop_47472	0.27	0.0	0	0.0	0	0.0	0	0.0	0
cdd_262078 (SCOP) scop_51734	0.023	0.0	0	0.0	0	0.0	0	0.0	0
cdd_266485 (SCOP) scop_50128	0.8	0.0	0	0.0	0	0.0	0	0.0	0
cdd_266485 (SCOP) scop_51734	0.75	0.0	0	0.0	0	0.0	0	0.0	0
cdd_260256 (SCOP) scop_57769	0.24	0.0	0	0.0	0	0.0	0	0.0	0
cdd_238155 (SCOP) scop_47472	0.4	0.0	0	0.0	0	0.0	0	0.0	0
cdd_266695 (SCOP) scop_46688	0.21	0.0	0	0.0	0	0.0	0	0.0	0
cdd_260403 (SCOP) scop_50485	0.18	0.0	0	0.0	0	0.0	0	0.0	0
cdd_260403 (SCOP) scop_53327	0.84	0.0	0	0.0	0	0.0	0	0.0	0
cdd_266698 (SCOP) scop_48725	0.25	0.0	0	0.0	0	0.0	0	0.0	0
cdd_265675 (SCOP) scop_64181	0.12	0.0	0	0.0	0	0.0	0	0.0	0
cdd_265675 (SCOP) scop_54630	0.48	0.0	0	0.0	0	0.0	0	0.0	0
cdd_212557 (SCOP) scop_46688	0.13	0.0	0	0.0	0	0.0	0	0.0	0
cdd_261368 (SCOP) scop_50036	0.7	0.0	0	0.0	0	0.0	0	0.0	0
cdd_261368 (SCOP) scop_57902	0.076	0.0	0	0.0	0	0.0	0	0.0	0
cdd_238113 (SCOP) scop_50493	1.0	0.0	0	0.0	0	0.0	0	0.0	0
cdd_260430 (SCOP) scop_53632	1.0	0.0	0	0.0	0	0.0	0	0.0	0
cdd_176599 (SCOP) scop_49451	0.47	0.0	0	0.0	0	0.0	0	0.0	0
cdd_261284 (SCOP) scop_56435	0.54	0.0	0	0.0	0	0.0	0	0.0	0
cdd_261594 (SCOP) scop_81625	0.46	0.0	0	0.0	0	0.0	0	0.0	0
cdd_245211 (SCOP) scop_51997	1.0	0.0	0	0.0	0	0.0	0	0.0	0
cdd_245211 (SCOP) scop_48167	0.17	0.0	0	0.0	0	0.0	0	0.0	0
cdd_264357 (SCOP) scop_52517	0.79	0.0	0	0.0	0	0.0	0	0.0	0
cdd_266492 (SCOP) scop_101385	0.35	0.0	0	0.0	0	0.0	0	0.0	0
cdd_248061 (SCOP) scop_51160	0.19	0.0	0	0.0	0	0.0	0	0.0	0
cdd_248061 (SCOP) scop_69348	0.071	0.0	0	0.0	0	0.0	0	0.0	0
cdd_245232 (SCOP) scop_140989	0.029	0.0	0	0.0	0	0.0	0	0.0	0
cdd_261105 (SCOP) scop_50198	0.34	0.0	0	0.0	0	0.0	0	0.0	0
cdd_264361 (SCOP) scop_56316	1.0	0.0	0	0.0	0	0.0	0	0.0	0
cdd_263508 (SCOP) scop_47698	0.37	0.0	0	0.0	0	0.0	0	0.0	0
cdd_247803 (SCOP) scop_52539	0.74	0.0	0	0.0	0	0.0	0	0.0	0
cdd_238078 (SCOP) scop_53849	0.88	0.0	0	0.0	0	0.0	0	0.0	0
